0.01414919
OVRCameraRig|(-25.3, 40.7, -183.3)|(0.0, -0.7, 0.0, -0.7)
0.03414917
OVRCameraRig|(-25.3, 40.7, -183.3)|(0.0, -0.7, 0.0, -0.7)
0.05414915
OVRCameraRig|(-25.3, 40.7, -183.3)|(0.0, -0.7, 0.0, -0.7)
0.07414913
OVRCameraRig|(-25.3, 40.7, -183.3)|(0.0, -0.7, 0.0, -0.7)
0.09414911
OVRCameraRig|(-25.3, 40.7, -183.3)|(0.0, -0.7, 0.0, -0.7)
0.1141491
OVRCameraRig|(-25.3, 40.7, -183.3)|(0.0, -0.7, 0.0, -0.7)
0.1341491
OVRCameraRig|(-25.3, 40.7, -183.3)|(0.0, -0.7, 0.0, -0.7)
0.1541491
OVRCameraRig|(-25.3, 40.7, -183.3)|(0.0, -0.7, 0.0, -0.7)
0.174149
OVRCameraRig|(-25.3, 40.7, -183.3)|(0.0, -0.7, 0.0, -0.7)
0.194149
OVRCameraRig|(-25.3, 40.7, -183.3)|(0.0, -0.7, 0.0, -0.7)
0.214149
OVRCameraRig|(-25.3, 40.7, -183.3)|(0.0, -0.7, 0.0, -0.7)
0.234149
OVRCameraRig|(-25.3, 40.7, -183.3)|(0.0, -0.7, 0.0, -0.7)
0.254149
OVRCameraRig|(-25.3, 40.7, -183.3)|(0.0, -0.7, 0.0, -0.7)
0.2741489
OVRCameraRig|(-25.3, 40.7, -183.3)|(0.0, -0.7, 0.0, -0.7)
0.2941489
OVRCameraRig|(-25.3, 40.7, -183.3)|(0.0, -0.7, 0.0, -0.7)
0.3141489
OVRCameraRig|(-25.3, 40.7, -183.3)|(0.0, -0.7, 0.0, -0.7)
0.3341489
OVRCameraRig|(-25.3, 40.7, -183.3)|(0.0, -0.7, 0.0, -0.7)
0.3541489
OVRCameraRig|(-25.3, 40.7, -183.3)|(0.0, -0.7, 0.0, -0.7)
0.3741488
OVRCameraRig|(-25.3, 40.7, -183.3)|(0.0, -0.7, 0.0, -0.7)
0.3941488
OVRCameraRig|(-25.3, 40.7, -183.3)|(0.0, -0.7, 0.0, -0.7)
0.4141488
OVRCameraRig|(-25.3, 40.7, -183.3)|(0.0, -0.7, 0.0, -0.7)
0.4341488
OVRCameraRig|(-25.3, 40.7, -183.3)|(0.0, -0.7, 0.0, -0.7)
0.4541488
OVRCameraRig|(-25.3, 40.7, -183.3)|(0.0, -0.7, 0.0, -0.7)
0.4741492
OVRCameraRig|(-25.3, 40.7, -183.3)|(0.0, -0.7, 0.0, -0.7)
0.4941492
OVRCameraRig|(-25.3, 40.7, -183.3)|(0.0, -0.7, 0.0, -0.7)
0.5141492
OVRCameraRig|(-25.3, 40.7, -183.3)|(0.0, -0.7, 0.0, -0.7)
0.5341492
OVRCameraRig|(-25.3, 40.7, -183.3)|(0.0, -0.7, 0.0, -0.7)
0.5541492
OVRCameraRig|(-25.3, 40.7, -183.3)|(0.0, -0.7, 0.0, -0.7)
0.5741491
OVRCameraRig|(-25.3, 40.7, -183.3)|(0.0, -0.7, 0.0, -0.7)
0.5941491
OVRCameraRig|(-25.3, 40.7, -183.3)|(0.0, -0.7, 0.0, -0.7)
0.6141491
OVRCameraRig|(-25.3, 40.7, -183.3)|(0.0, -0.7, 0.0, -0.7)
0.6341491
OVRCameraRig|(-25.3, 40.7, -183.3)|(0.0, -0.7, 0.0, -0.7)
0.6541491
OVRCameraRig|(-25.3, 40.7, -183.3)|(0.0, -0.7, 0.0, -0.7)
0.674149
OVRCameraRig|(-25.3, 40.7, -183.3)|(0.0, -0.7, 0.0, -0.7)
0.694149
OVRCameraRig|(-25.3, 40.7, -183.3)|(0.0, -0.7, 0.0, -0.7)
0.714149
OVRCameraRig|(-25.3, 40.7, -183.3)|(0.0, -0.7, 0.0, -0.7)
0.734149
OVRCameraRig|(-25.3, 40.7, -183.3)|(0.0, -0.7, 0.0, -0.7)
0.754149
OVRCameraRig|(-25.3, 40.7, -183.3)|(0.0, -0.7, 0.0, -0.7)
0.7741489
OVRCameraRig|(-25.3, 40.7, -183.3)|(0.0, -0.7, 0.0, -0.7)
0.7941489
OVRCameraRig|(-25.3, 40.7, -183.3)|(0.0, -0.7, 0.0, -0.7)
0.8141489
OVRCameraRig|(-25.3, 40.7, -183.3)|(0.0, -0.7, 0.0, -0.7)
0.8341489
OVRCameraRig|(-25.3, 40.7, -183.3)|(0.0, -0.7, 0.0, -0.7)
0.8541489
OVRCameraRig|(-25.3, 40.7, -183.3)|(0.0, -0.7, 0.0, -0.7)
0.8741488
OVRCameraRig|(-25.3, 40.7, -183.3)|(0.0, -0.7, 0.0, -0.7)
0.8941488
OVRCameraRig|(-25.3, 40.7, -183.3)|(0.0, -0.7, 0.0, -0.7)
0.9141488
OVRCameraRig|(-25.3, 40.7, -183.3)|(0.0, -0.7, 0.0, -0.7)
0.9341488
OVRCameraRig|(-25.3, 40.7, -183.3)|(0.0, -0.7, 0.0, -0.7)
0.9541488
OVRCameraRig|(-25.3, 40.7, -183.3)|(0.0, -0.7, 0.0, -0.7)
0.9741488
OVRCameraRig|(-25.3, 40.7, -183.3)|(0.0, -0.7, 0.0, -0.7)
0.9941492
OVRCameraRig|(-25.3, 40.7, -183.3)|(0.0, -0.7, 0.0, -0.7)
1.014149
OVRCameraRig|(-25.3, 40.7, -183.3)|(0.0, -0.7, 0.0, -0.7)
1.034149
OVRCameraRig|(-25.3, 40.7, -183.3)|(0.0, -0.7, 0.0, -0.7)
1.054149
OVRCameraRig|(-25.3, 40.7, -183.3)|(0.0, -0.7, 0.0, -0.7)
1.074149
OVRCameraRig|(-25.3, 40.7, -183.3)|(0.0, -0.7, 0.0, -0.7)
1.094149
OVRCameraRig|(-25.3, 40.7, -183.3)|(0.0, -0.7, 0.0, -0.7)
1.114149
OVRCameraRig|(-25.3, 40.7, -183.3)|(0.0, -0.7, 0.0, -0.7)
1.134149
OVRCameraRig|(-25.3, 40.7, -183.3)|(0.0, -0.7, 0.0, -0.7)
1.154149
OVRCameraRig|(-25.3, 40.7, -183.3)|(0.0, -0.7, 0.0, -0.7)
1.174149
OVRCameraRig|(-25.3, 40.7, -183.3)|(0.0, -0.7, 0.0, -0.7)
1.194149
OVRCameraRig|(-25.3, 40.7, -183.3)|(0.0, -0.7, 0.0, -0.7)
1.214149
OVRCameraRig|(-25.3, 40.7, -183.3)|(0.0, -0.7, 0.0, -0.7)
1.234149
OVRCameraRig|(-25.3, 40.7, -183.3)|(0.0, -0.7, 0.0, -0.7)
1.254149
OVRCameraRig|(-25.3, 40.7, -183.3)|(0.0, -0.7, 0.0, -0.7)
1.274149
OVRCameraRig|(-25.3, 40.7, -183.3)|(0.0, -0.7, 0.0, -0.7)
1.294149
OVRCameraRig|(-25.3, 40.7, -183.3)|(0.0, -0.7, 0.0, -0.7)
1.314149
OVRCameraRig|(-25.3, 40.7, -183.3)|(0.0, -0.7, 0.0, -0.7)
1.334149
OVRCameraRig|(-25.3, 40.7, -183.3)|(0.0, -0.7, 0.0, -0.7)
1.354149
OVRCameraRig|(-25.3, 40.7, -183.3)|(0.0, -0.7, 0.0, -0.7)
1.374149
OVRCameraRig|(-25.3, 40.7, -183.3)|(0.0, -0.7, 0.0, -0.7)
1.394149
OVRCameraRig|(-25.3, 40.7, -183.3)|(0.0, -0.7, 0.0, -0.7)
1.414149
OVRCameraRig|(-25.3, 40.7, -183.3)|(0.0, -0.7, 0.0, -0.7)
1.434149
OVRCameraRig|(-25.3, 40.7, -183.3)|(0.0, -0.7, 0.0, -0.7)
1.454149
OVRCameraRig|(-25.3, 40.7, -183.3)|(0.0, -0.7, 0.0, -0.7)
1.474149
OVRCameraRig|(-25.3, 40.7, -183.3)|(0.0, -0.7, 0.0, -0.7)
1.494149
OVRCameraRig|(-25.3, 40.7, -183.3)|(0.0, -0.7, 0.0, -0.7)
1.514149
OVRCameraRig|(-25.3, 40.7, -183.3)|(0.0, -0.7, 0.0, -0.7)
1.534149
OVRCameraRig|(-25.3, 40.7, -183.3)|(0.0, -0.7, 0.0, -0.7)
1.554149
OVRCameraRig|(-25.3, 40.7, -183.3)|(0.0, -0.7, 0.0, -0.7)
1.574149
OVRCameraRig|(-25.3, 40.7, -183.3)|(0.0, -0.7, 0.0, -0.7)
1.594149
OVRCameraRig|(-25.3, 40.7, -183.3)|(0.0, -0.7, 0.0, -0.7)
1.614149
OVRCameraRig|(-25.3, 40.7, -183.3)|(0.0, -0.7, 0.0, -0.7)
1.634149
OVRCameraRig|(-25.3, 40.7, -183.3)|(0.0, -0.7, 0.0, -0.7)
1.654149
OVRCameraRig|(-25.3, 40.7, -183.3)|(0.0, -0.7, 0.0, -0.7)
1.674149
OVRCameraRig|(-25.3, 40.7, -183.3)|(0.0, -0.7, 0.0, -0.7)
1.694149
OVRCameraRig|(-25.3, 40.7, -183.3)|(0.0, -0.7, 0.0, -0.7)
1.714149
OVRCameraRig|(-25.3, 40.7, -183.3)|(0.0, -0.7, 0.0, -0.7)
1.734149
OVRCameraRig|(-25.3, 40.7, -183.3)|(0.0, -0.7, 0.0, -0.7)
1.754149
OVRCameraRig|(-25.3, 40.7, -183.3)|(0.0, -0.7, 0.0, -0.7)
1.774149
OVRCameraRig|(-25.3, 40.7, -183.3)|(0.0, -0.7, 0.0, -0.7)
1.794149
OVRCameraRig|(-25.3, 40.7, -183.3)|(0.0, -0.7, 0.0, -0.7)
1.814149
OVRCameraRig|(-25.3, 40.7, -183.3)|(0.0, -0.7, 0.0, -0.7)
1.834149
OVRCameraRig|(-25.3, 40.7, -183.3)|(0.0, -0.7, 0.0, -0.7)
1.854149
OVRCameraRig|(-25.3, 40.7, -183.3)|(0.0, -0.7, 0.0, -0.7)
1.874149
OVRCameraRig|(-25.3, 40.7, -183.3)|(0.0, -0.7, 0.0, -0.7)
1.894149
OVRCameraRig|(-25.3, 40.7, -183.3)|(0.0, -0.7, 0.0, -0.7)
1.914149
OVRCameraRig|(-25.3, 40.7, -183.3)|(0.0, -0.7, 0.0, -0.7)
1.934149
OVRCameraRig|(-25.3, 40.7, -183.3)|(0.0, -0.7, 0.0, -0.7)
1.954149
OVRCameraRig|(-25.3, 40.7, -183.3)|(0.0, -0.7, 0.0, -0.7)
1.974149
OVRCameraRig|(-25.3, 40.7, -183.3)|(0.0, -0.7, 0.0, -0.7)
1.994149
OVRCameraRig|(-25.3, 40.7, -183.3)|(0.0, -0.7, 0.0, -0.7)
2.014149
OVRCameraRig|(-25.3, 40.7, -183.3)|(0.0, -0.7, 0.0, -0.7)
2.034149
OVRCameraRig|(-25.3, 40.7, -183.3)|(0.0, -0.7, 0.0, -0.7)
2.054149
OVRCameraRig|(-25.3, 40.7, -183.3)|(0.0, -0.7, 0.0, -0.7)
2.074149
OVRCameraRig|(-25.3, 40.7, -183.3)|(0.0, -0.7, 0.0, -0.7)
2.094149
OVRCameraRig|(-25.3, 40.7, -183.3)|(0.0, -0.7, 0.0, -0.7)
2.114149
OVRCameraRig|(-25.3, 40.7, -183.3)|(0.0, -0.7, 0.0, -0.7)
2.134149
OVRCameraRig|(-25.3, 40.7, -183.3)|(0.0, -0.7, 0.0, -0.7)
2.154149
OVRCameraRig|(-25.3, 40.7, -183.3)|(0.0, -0.7, 0.0, -0.7)
2.174149
OVRCameraRig|(-25.3, 40.7, -183.3)|(0.0, -0.7, 0.0, -0.7)
2.194149
OVRCameraRig|(-25.3, 40.7, -183.3)|(0.0, -0.7, 0.0, -0.7)
2.214149
OVRCameraRig|(-25.3, 40.7, -183.3)|(0.0, -0.7, 0.0, -0.7)
2.234149
OVRCameraRig|(-25.3, 40.7, -183.3)|(0.0, -0.7, 0.0, -0.7)
2.254149
OVRCameraRig|(-25.3, 40.7, -183.3)|(0.0, -0.7, 0.0, -0.7)
2.274149
OVRCameraRig|(-25.3, 40.7, -183.3)|(0.0, -0.7, 0.0, -0.7)
2.294149
OVRCameraRig|(-25.3, 40.7, -183.3)|(0.0, -0.7, 0.0, -0.7)
2.314149
OVRCameraRig|(-25.3, 40.7, -183.3)|(0.0, -0.7, 0.0, -0.7)
2.334149
OVRCameraRig|(-25.3, 40.7, -183.3)|(0.0, -0.7, 0.0, -0.7)
2.354149
OVRCameraRig|(-25.3, 40.7, -183.3)|(0.0, -0.7, 0.0, -0.7)
2.374149
OVRCameraRig|(-25.3, 40.7, -183.3)|(0.0, -0.7, 0.0, -0.7)
2.394149
OVRCameraRig|(-25.3, 40.7, -183.3)|(0.0, -0.7, 0.0, -0.7)
2.414149
OVRCameraRig|(-25.3, 40.7, -183.3)|(0.0, -0.7, 0.0, -0.7)
2.434149
OVRCameraRig|(-25.3, 40.7, -183.3)|(0.0, -0.7, 0.0, -0.7)
2.454149
OVRCameraRig|(-25.3, 40.7, -183.3)|(0.0, -0.7, 0.0, -0.7)
2.474149
OVRCameraRig|(-25.3, 40.7, -183.3)|(0.0, -0.7, 0.0, -0.7)
2.494149
OVRCameraRig|(-25.3, 40.7, -183.3)|(0.0, -0.7, 0.0, -0.7)
2.514149
OVRCameraRig|(-25.3, 40.7, -183.3)|(0.0, -0.7, 0.0, -0.7)
2.534149
OVRCameraRig|(-25.3, 40.7, -183.3)|(0.0, -0.7, 0.0, -0.7)
2.554149
OVRCameraRig|(-25.3, 40.7, -183.3)|(0.0, -0.7, 0.0, -0.7)
2.574149
OVRCameraRig|(-25.3, 40.7, -183.3)|(0.0, -0.7, 0.0, -0.7)
2.594149
OVRCameraRig|(-25.3, 40.7, -183.3)|(0.0, -0.7, 0.0, -0.7)
2.614149
OVRCameraRig|(-25.3, 40.7, -183.3)|(0.0, -0.7, 0.0, -0.7)
2.634149
OVRCameraRig|(-25.3, 40.7, -183.3)|(0.0, -0.7, 0.0, -0.7)
2.654149
OVRCameraRig|(-25.3, 40.7, -183.3)|(0.0, -0.7, 0.0, -0.7)
2.674149
OVRCameraRig|(-25.3, 40.7, -183.3)|(0.0, -0.7, 0.0, -0.7)
2.694149
OVRCameraRig|(-25.3, 40.7, -183.3)|(0.0, -0.7, 0.0, -0.7)
2.714149
OVRCameraRig|(-25.3, 40.7, -183.3)|(0.0, -0.7, 0.0, -0.7)
2.734149
OVRCameraRig|(-25.3, 40.7, -183.3)|(0.0, -0.7, 0.0, -0.7)
2.754149
OVRCameraRig|(-25.3, 40.7, -183.3)|(0.0, -0.7, 0.0, -0.7)
2.774149
OVRCameraRig|(-25.3, 40.7, -183.3)|(0.0, -0.7, 0.0, -0.7)
2.794149
OVRCameraRig|(-25.3, 40.7, -183.3)|(0.0, -0.7, 0.0, -0.7)
2.814149
OVRCameraRig|(-25.3, 40.7, -183.3)|(0.0, -0.7, 0.0, -0.7)
2.834149
OVRCameraRig|(-25.3, 40.7, -183.3)|(0.0, -0.7, 0.0, -0.7)
2.854149
OVRCameraRig|(-25.3, 40.7, -183.3)|(0.0, -0.7, 0.0, -0.7)
2.874149
OVRCameraRig|(-25.3, 40.7, -183.3)|(0.0, -0.7, 0.0, -0.7)
2.894149
OVRCameraRig|(-25.3, 40.7, -183.3)|(0.0, -0.7, 0.0, -0.7)
2.914149
OVRCameraRig|(-25.3, 40.7, -183.3)|(0.0, -0.7, 0.0, -0.7)
2.934149
OVRCameraRig|(-25.3, 40.7, -183.3)|(0.0, -0.7, 0.0, -0.7)
2.954149
OVRCameraRig|(-25.3, 40.7, -183.3)|(0.0, -0.7, 0.0, -0.7)
2.974149
OVRCameraRig|(-25.3, 40.7, -183.3)|(0.0, -0.7, 0.0, -0.7)
2.994149
OVRCameraRig|(-25.3, 40.7, -183.3)|(0.0, -0.7, 0.0, -0.7)
3.014149
OVRCameraRig|(-25.3, 40.7, -183.3)|(0.0, -0.7, 0.0, -0.7)
3.034149
OVRCameraRig|(-25.3, 40.7, -183.3)|(0.0, -0.7, 0.0, -0.7)
3.054149
OVRCameraRig|(-25.3, 40.7, -183.3)|(0.0, -0.7, 0.0, -0.7)
3.074149
OVRCameraRig|(-25.3, 40.7, -183.3)|(0.0, -0.7, 0.0, -0.7)
3.094149
OVRCameraRig|(-25.3, 40.7, -183.3)|(0.0, -0.7, 0.0, -0.7)
3.114149
OVRCameraRig|(-25.3, 40.7, -183.3)|(0.0, -0.7, 0.0, -0.7)
3.134149
OVRCameraRig|(-25.3, 40.7, -183.3)|(0.0, -0.7, 0.0, -0.7)
3.154149
OVRCameraRig|(-25.3, 40.7, -183.3)|(0.0, -0.7, 0.0, -0.7)
3.174149
OVRCameraRig|(-25.3, 40.7, -183.3)|(0.0, -0.7, 0.0, -0.7)
3.194149
OVRCameraRig|(-25.3, 40.7, -183.3)|(0.0, -0.7, 0.0, -0.7)
3.214149
OVRCameraRig|(-25.3, 40.7, -183.3)|(0.0, -0.7, 0.0, -0.7)
3.234149
OVRCameraRig|(-25.3, 40.7, -183.3)|(0.0, -0.7, 0.0, -0.7)
3.254149
OVRCameraRig|(-25.3, 40.7, -183.3)|(0.0, -0.7, 0.0, -0.7)
3.274148
OVRCameraRig|(-25.3, 40.7, -183.3)|(0.0, -0.7, 0.0, -0.7)
3.294149
OVRCameraRig|(-25.3, 40.7, -183.3)|(0.0, -0.7, 0.0, -0.7)
3.314149
OVRCameraRig|(-25.3, 40.7, -183.3)|(0.0, -0.7, 0.0, -0.7)
3.334149
OVRCameraRig|(-25.3, 40.7, -183.3)|(0.0, -0.7, 0.0, -0.7)
3.354149
OVRCameraRig|(-25.3, 40.7, -183.3)|(0.0, -0.7, 0.0, -0.7)
3.374149
OVRCameraRig|(-25.3, 40.7, -183.3)|(0.0, -0.7, 0.0, -0.7)
3.394149
OVRCameraRig|(-25.3, 40.7, -183.3)|(0.0, -0.7, 0.0, -0.7)
3.414149
OVRCameraRig|(-25.3, 40.7, -183.3)|(0.0, -0.7, 0.0, -0.7)
3.434149
OVRCameraRig|(-25.3, 40.7, -183.3)|(0.0, -0.7, 0.0, -0.7)
3.454149
OVRCameraRig|(-25.3, 40.7, -183.3)|(0.0, -0.7, 0.0, -0.7)
3.474149
OVRCameraRig|(-25.3, 40.7, -183.3)|(0.0, -0.7, 0.0, -0.7)
3.494149
OVRCameraRig|(-25.3, 40.7, -183.3)|(0.0, -0.7, 0.0, -0.7)
3.514149
OVRCameraRig|(-25.3, 40.7, -183.3)|(0.0, -0.7, 0.0, -0.7)
3.534149
OVRCameraRig|(-25.3, 40.7, -183.3)|(0.0, -0.7, 0.0, -0.7)
3.554149
OVRCameraRig|(-25.3, 40.7, -183.3)|(0.0, -0.7, 0.0, -0.7)
3.574149
OVRCameraRig|(-25.3, 40.7, -183.3)|(0.0, -0.7, 0.0, -0.7)
3.594149
OVRCameraRig|(-25.3, 40.7, -183.3)|(0.0, -0.7, 0.0, -0.7)
3.614149
OVRCameraRig|(-25.3, 40.7, -183.3)|(0.0, -0.7, 0.0, -0.7)
3.634149
OVRCameraRig|(-25.3, 40.7, -183.3)|(0.0, -0.7, 0.0, -0.7)
3.654149
OVRCameraRig|(-25.3, 40.7, -183.3)|(0.0, -0.7, 0.0, -0.7)
3.674149
OVRCameraRig|(-25.3, 40.7, -183.3)|(0.0, -0.7, 0.0, -0.7)
3.694149
OVRCameraRig|(-25.3, 40.7, -183.3)|(0.0, -0.7, 0.0, -0.7)
3.714149
OVRCameraRig|(-25.3, 40.7, -183.3)|(0.0, -0.7, 0.0, -0.7)
3.734149
OVRCameraRig|(-25.3, 40.7, -183.3)|(0.0, -0.7, 0.0, -0.7)
3.754149
OVRCameraRig|(-25.3, 40.7, -183.3)|(0.0, -0.7, 0.0, -0.7)
3.774148
OVRCameraRig|(-25.3, 40.7, -183.3)|(0.0, -0.7, 0.0, -0.7)
3.794149
OVRCameraRig|(-25.3, 40.7, -183.3)|(0.0, -0.7, 0.0, -0.7)
3.814149
OVRCameraRig|(-25.3, 40.7, -183.3)|(0.0, -0.7, 0.0, -0.7)
3.834149
OVRCameraRig|(-25.3, 40.7, -183.3)|(0.0, -0.7, 0.0, -0.7)
3.854149
OVRCameraRig|(-25.3, 40.7, -183.3)|(0.0, -0.7, 0.0, -0.7)
3.874149
OVRCameraRig|(-25.3, 40.7, -183.3)|(0.0, -0.7, 0.0, -0.7)
3.894149
OVRCameraRig|(-25.3, 40.7, -183.3)|(0.0, -0.7, 0.0, -0.7)
3.914149
OVRCameraRig|(-25.3, 40.7, -183.3)|(0.0, -0.7, 0.0, -0.7)
3.934149
OVRCameraRig|(-25.3, 40.7, -183.3)|(0.0, -0.7, 0.0, -0.7)
3.954149
OVRCameraRig|(-25.3, 40.7, -183.3)|(0.0, -0.7, 0.0, -0.7)
3.974149
OVRCameraRig|(-25.3, 40.7, -183.3)|(0.0, -0.7, 0.0, -0.7)
3.994149
OVRCameraRig|(-25.3, 40.7, -183.3)|(0.0, -0.7, 0.0, -0.7)
4.014149
OVRCameraRig|(-25.3, 40.7, -183.3)|(0.0, -0.7, 0.0, -0.7)
4.034149
OVRCameraRig|(-25.3, 40.7, -183.3)|(0.0, -0.7, 0.0, -0.7)
4.054149
OVRCameraRig|(-25.3, 40.7, -183.3)|(0.0, -0.7, 0.0, -0.7)
4.074149
OVRCameraRig|(-25.3, 40.7, -183.3)|(0.0, -0.7, 0.0, -0.7)
4.094149
OVRCameraRig|(-25.3, 40.7, -183.3)|(0.0, -0.7, 0.0, -0.7)
4.114149
OVRCameraRig|(-25.3, 40.7, -183.3)|(0.0, -0.7, 0.0, -0.7)
4.134149
OVRCameraRig|(-25.3, 40.7, -183.3)|(0.0, -0.7, 0.0, -0.7)
4.154149
OVRCameraRig|(-25.3, 40.7, -183.3)|(0.0, -0.7, 0.0, -0.7)
4.174149
OVRCameraRig|(-25.3, 40.7, -183.3)|(0.0, -0.7, 0.0, -0.7)
4.194149
OVRCameraRig|(-25.3, 40.7, -183.3)|(0.0, -0.7, 0.0, -0.7)
4.214149
OVRCameraRig|(-25.3, 40.7, -183.3)|(0.0, -0.7, 0.0, -0.7)
4.234149
OVRCameraRig|(-25.3, 40.7, -183.3)|(0.0, -0.7, 0.0, -0.7)
4.254149
OVRCameraRig|(-25.3, 40.7, -183.3)|(0.0, -0.7, 0.0, -0.7)
4.274148
OVRCameraRig|(-25.3, 40.7, -183.3)|(0.0, -0.7, 0.0, -0.7)
4.294149
OVRCameraRig|(-25.3, 40.7, -183.3)|(0.0, -0.7, 0.0, -0.7)
4.314149
OVRCameraRig|(-25.3, 40.7, -183.3)|(0.0, -0.7, 0.0, -0.7)
4.334149
OVRCameraRig|(-25.3, 40.7, -183.3)|(0.0, -0.7, 0.0, -0.7)
4.354149
OVRCameraRig|(-25.3, 40.7, -183.3)|(0.0, -0.7, 0.0, -0.7)
4.374149
OVRCameraRig|(-25.3, 40.7, -183.3)|(0.0, -0.7, 0.0, -0.7)
4.394149
OVRCameraRig|(-25.3, 40.7, -183.3)|(0.0, -0.7, 0.0, -0.7)
4.414149
OVRCameraRig|(-25.3, 40.7, -183.3)|(0.0, -0.7, 0.0, -0.7)
4.434149
OVRCameraRig|(-25.3, 40.7, -183.3)|(0.0, -0.7, 0.0, -0.7)
4.454149
OVRCameraRig|(-25.3, 40.7, -183.3)|(0.0, -0.7, 0.0, -0.7)
4.474149
OVRCameraRig|(-25.3, 40.7, -183.3)|(0.0, -0.7, 0.0, -0.7)
4.494149
OVRCameraRig|(-25.3, 40.7, -183.3)|(0.0, -0.7, 0.0, -0.7)
4.514149
OVRCameraRig|(-25.3, 40.7, -183.3)|(0.0, -0.7, 0.0, -0.7)
4.534149
OVRCameraRig|(-25.3, 40.7, -183.3)|(0.0, -0.7, 0.0, -0.7)
4.554149
OVRCameraRig|(-25.3, 40.7, -183.3)|(0.0, -0.7, 0.0, -0.7)
4.574149
OVRCameraRig|(-25.3, 40.7, -183.3)|(0.0, -0.7, 0.0, -0.7)
4.594149
OVRCameraRig|(-25.3, 40.7, -183.3)|(0.0, -0.7, 0.0, -0.7)
4.614149
OVRCameraRig|(-25.3, 40.7, -183.3)|(0.0, -0.7, 0.0, -0.7)
4.634149
OVRCameraRig|(-25.3, 40.7, -183.3)|(0.0, -0.7, 0.0, -0.7)
4.654149
OVRCameraRig|(-25.3, 40.7, -183.3)|(0.0, -0.7, 0.0, -0.7)
4.674149
OVRCameraRig|(-25.3, 40.7, -183.3)|(0.0, -0.7, 0.0, -0.7)
4.694149
OVRCameraRig|(-25.3, 40.7, -183.3)|(0.0, -0.7, 0.0, -0.7)
4.714149
OVRCameraRig|(-25.3, 40.7, -183.3)|(0.0, -0.7, 0.0, -0.7)
4.734149
OVRCameraRig|(-25.3, 40.7, -183.3)|(0.0, -0.7, 0.0, -0.7)
4.754149
OVRCameraRig|(-25.3, 40.7, -183.3)|(0.0, -0.7, 0.0, -0.7)
4.774148
OVRCameraRig|(-25.3, 40.7, -183.3)|(0.0, -0.7, 0.0, -0.7)
4.794149
OVRCameraRig|(-25.3, 40.7, -183.3)|(0.0, -0.7, 0.0, -0.7)
4.814148
OVRCameraRig|(-25.3, 40.7, -183.3)|(0.0, -0.7, 0.0, -0.7)
4.834149
OVRCameraRig|(-25.3, 40.7, -183.3)|(0.0, -0.7, 0.0, -0.7)
4.854149
OVRCameraRig|(-25.3, 40.7, -183.3)|(0.0, -0.7, 0.0, -0.7)
4.874149
OVRCameraRig|(-25.3, 40.7, -183.3)|(0.0, -0.7, 0.0, -0.7)
4.894149
OVRCameraRig|(-25.3, 40.7, -183.3)|(0.0, -0.7, 0.0, -0.7)
4.914149
OVRCameraRig|(-25.3, 40.7, -183.3)|(0.0, -0.7, 0.0, -0.7)
4.934149
OVRCameraRig|(-25.3, 40.7, -183.3)|(0.0, -0.7, 0.0, -0.7)
4.954149
OVRCameraRig|(-25.3, 40.7, -183.3)|(0.0, -0.7, 0.0, -0.7)
4.974149
OVRCameraRig|(-25.3, 40.7, -183.3)|(0.0, -0.7, 0.0, -0.7)
4.994149
OVRCameraRig|(-25.3, 40.7, -183.3)|(0.0, -0.7, 0.0, -0.7)
5.014149
OVRCameraRig|(-25.3, 40.7, -183.3)|(0.0, -0.7, 0.0, -0.7)
5.034149
OVRCameraRig|(-25.3, 40.7, -183.3)|(0.0, -0.7, 0.0, -0.7)
5.054149
OVRCameraRig|(-25.3, 40.7, -183.3)|(0.0, -0.7, 0.0, -0.7)
5.074149
OVRCameraRig|(-25.3, 40.7, -183.3)|(0.0, -0.7, 0.0, -0.7)
5.094149
OVRCameraRig|(-25.3, 40.7, -183.3)|(0.0, -0.7, 0.0, -0.7)
5.114149
OVRCameraRig|(-25.3, 40.7, -183.3)|(0.0, -0.7, 0.0, -0.7)
5.134149
OVRCameraRig|(-25.3, 40.7, -183.3)|(0.0, -0.7, 0.0, -0.7)
5.154149
OVRCameraRig|(-25.3, 40.7, -183.3)|(0.0, -0.7, 0.0, -0.7)
5.174149
OVRCameraRig|(-25.3, 40.7, -183.3)|(0.0, -0.7, 0.0, -0.7)
5.194149
OVRCameraRig|(-25.3, 40.7, -183.3)|(0.0, -0.7, 0.0, -0.7)
5.214149
OVRCameraRig|(-25.3, 40.7, -183.3)|(0.0, -0.7, 0.0, -0.7)
5.234149
OVRCameraRig|(-25.3, 40.7, -183.3)|(0.0, -0.7, 0.0, -0.7)
5.254149
OVRCameraRig|(-25.3, 40.7, -183.3)|(0.0, -0.7, 0.0, -0.7)
5.274148
OVRCameraRig|(-25.3, 40.7, -183.3)|(0.0, -0.7, 0.0, -0.7)
5.294149
OVRCameraRig|(-25.3, 40.7, -183.3)|(0.0, -0.7, 0.0, -0.7)
5.314148
OVRCameraRig|(-25.3, 40.7, -183.3)|(0.0, -0.7, 0.0, -0.7)
5.334149
OVRCameraRig|(-25.3, 40.7, -183.3)|(0.0, -0.7, 0.0, -0.7)
5.354149
OVRCameraRig|(-25.3, 40.7, -183.3)|(0.0, -0.7, 0.0, -0.7)
5.374149
OVRCameraRig|(-25.3, 40.7, -183.3)|(0.0, -0.7, 0.0, -0.7)
5.394149
OVRCameraRig|(-25.3, 40.7, -183.3)|(0.0, -0.7, 0.0, -0.7)
5.414149
OVRCameraRig|(-25.3, 40.7, -183.3)|(0.0, -0.7, 0.0, -0.7)
5.434149
OVRCameraRig|(-25.3, 40.7, -183.3)|(0.0, -0.7, 0.0, -0.7)
5.454149
OVRCameraRig|(-25.3, 40.7, -183.3)|(0.0, -0.7, 0.0, -0.7)
5.474149
OVRCameraRig|(-25.3, 40.7, -183.3)|(0.0, -0.7, 0.0, -0.7)
5.494149
OVRCameraRig|(-25.3, 40.7, -183.3)|(0.0, -0.7, 0.0, -0.7)
5.514149
OVRCameraRig|(-25.3, 40.7, -183.3)|(0.0, -0.7, 0.0, -0.7)
5.534149
OVRCameraRig|(-25.3, 40.7, -183.3)|(0.0, -0.7, 0.0, -0.7)
5.554149
OVRCameraRig|(-25.3, 40.7, -183.3)|(0.0, -0.7, 0.0, -0.7)
5.574149
OVRCameraRig|(-25.3, 40.7, -183.3)|(0.0, -0.7, 0.0, -0.7)
5.594149
OVRCameraRig|(-25.3, 40.7, -183.3)|(0.0, -0.7, 0.0, -0.7)
5.614149
OVRCameraRig|(-25.3, 40.7, -183.3)|(0.0, -0.7, 0.0, -0.7)
5.634149
OVRCameraRig|(-25.3, 40.7, -183.3)|(0.0, -0.7, 0.0, -0.7)
5.654149
OVRCameraRig|(-25.3, 40.7, -183.3)|(0.0, -0.7, 0.0, -0.7)
5.674149
OVRCameraRig|(-25.3, 40.7, -183.3)|(0.0, -0.7, 0.0, -0.7)
5.694149
OVRCameraRig|(-25.3, 40.7, -183.3)|(0.0, -0.7, 0.0, -0.7)
5.714149
OVRCameraRig|(-25.3, 40.7, -183.3)|(0.0, -0.7, 0.0, -0.7)
5.734149
OVRCameraRig|(-25.3, 40.7, -183.3)|(0.0, -0.7, 0.0, -0.7)
5.754149
OVRCameraRig|(-25.3, 40.7, -183.3)|(0.0, -0.7, 0.0, -0.7)
5.774148
OVRCameraRig|(-25.3, 40.7, -183.3)|(0.0, -0.7, 0.0, -0.7)
5.794149
OVRCameraRig|(-25.3, 40.7, -183.3)|(0.0, -0.7, 0.0, -0.7)
5.814148
OVRCameraRig|(-25.3, 40.7, -183.3)|(0.0, -0.7, 0.0, -0.7)
5.834149
OVRCameraRig|(-25.3, 40.7, -183.3)|(0.0, -0.7, 0.0, -0.7)
5.854149
OVRCameraRig|(-25.3, 40.7, -183.3)|(0.0, -0.7, 0.0, -0.7)
5.874149
OVRCameraRig|(-25.3, 40.7, -183.3)|(0.0, -0.7, 0.0, -0.7)
5.894149
OVRCameraRig|(-25.3, 40.7, -183.3)|(0.0, -0.7, 0.0, -0.7)
5.914149
OVRCameraRig|(-25.3, 40.7, -183.3)|(0.0, -0.7, 0.0, -0.7)
5.934149
OVRCameraRig|(-25.3, 40.7, -183.3)|(0.0, -0.7, 0.0, -0.7)
5.954149
OVRCameraRig|(-25.3, 40.7, -183.3)|(0.0, -0.7, 0.0, -0.7)
5.974149
OVRCameraRig|(-25.3, 40.7, -183.3)|(0.0, -0.7, 0.0, -0.7)
5.994149
OVRCameraRig|(-25.3, 40.7, -183.3)|(0.0, -0.7, 0.0, -0.7)
6.014149
OVRCameraRig|(-25.3, 40.7, -183.3)|(0.0, -0.7, 0.0, -0.7)
6.034149
OVRCameraRig|(-25.3, 40.7, -183.3)|(0.0, -0.7, 0.0, -0.7)
6.054149
OVRCameraRig|(-25.3, 40.7, -183.3)|(0.0, -0.7, 0.0, -0.7)
6.074149
OVRCameraRig|(-25.3, 40.7, -183.3)|(0.0, -0.7, 0.0, -0.7)
6.094149
OVRCameraRig|(-25.3, 40.7, -183.3)|(0.0, -0.7, 0.0, -0.7)
6.114149
OVRCameraRig|(-25.3, 40.7, -183.3)|(0.0, -0.7, 0.0, -0.7)
6.134149
OVRCameraRig|(-25.3, 40.7, -183.3)|(0.0, -0.7, 0.0, -0.7)
6.154149
OVRCameraRig|(-25.3, 40.7, -183.3)|(0.0, -0.7, 0.0, -0.7)
6.174149
OVRCameraRig|(-25.3, 40.7, -183.3)|(0.0, -0.7, 0.0, -0.7)
6.194149
OVRCameraRig|(-25.3, 40.7, -183.3)|(0.0, -0.7, 0.0, -0.7)
6.214149
OVRCameraRig|(-25.3, 40.7, -183.3)|(0.0, -0.7, 0.0, -0.7)
6.234149
OVRCameraRig|(-25.3, 40.7, -183.3)|(0.0, -0.7, 0.0, -0.7)
6.254149
OVRCameraRig|(-25.3, 40.7, -183.3)|(0.0, -0.7, 0.0, -0.7)
6.274148
OVRCameraRig|(-25.3, 40.7, -183.3)|(0.0, -0.7, 0.0, -0.7)
6.294149
OVRCameraRig|(-25.3, 40.7, -183.3)|(0.0, -0.7, 0.0, -0.7)
6.314148
OVRCameraRig|(-25.3, 40.7, -183.3)|(0.0, -0.7, 0.0, -0.7)
6.334149
OVRCameraRig|(-25.3, 40.7, -183.3)|(0.0, -0.7, 0.0, -0.7)
6.354148
OVRCameraRig|(-25.3, 40.7, -183.3)|(0.0, -0.7, 0.0, -0.7)
6.374149
OVRCameraRig|(-25.3, 40.7, -183.3)|(0.1, -0.7, 0.0, -0.7)
6.394149
OVRCameraRig|(-25.3, 40.7, -183.3)|(0.1, -0.7, 0.0, -0.7)
6.414149
OVRCameraRig|(-25.3, 40.7, -183.3)|(0.1, -0.7, -0.1, -0.7)
6.434149
OVRCameraRig|(-25.3, 40.7, -183.3)|(0.1, -0.7, -0.1, -0.7)
6.454149
OVRCameraRig|(-25.3, 40.7, -183.3)|(0.1, -0.7, -0.1, -0.7)
6.474149
OVRCameraRig|(-25.3, 40.7, -183.3)|(0.1, -0.7, -0.1, -0.7)
6.494149
OVRCameraRig|(-25.3, 40.7, -183.3)|(0.1, -0.7, -0.1, -0.7)
6.514149
OVRCameraRig|(-25.3, 40.7, -183.3)|(0.1, -0.7, -0.1, -0.7)
6.534149
OVRCameraRig|(-25.3, 40.7, -183.3)|(0.1, -0.7, -0.1, -0.7)
6.554149
OVRCameraRig|(-25.3, 40.7, -183.3)|(0.1, -0.7, -0.1, -0.7)
6.574149
OVRCameraRig|(-25.3, 40.7, -183.3)|(0.1, -0.7, -0.1, -0.7)
6.594149
OVRCameraRig|(-25.3, 40.7, -183.3)|(0.1, -0.7, -0.1, -0.7)
6.614149
OVRCameraRig|(-25.3, 40.7, -183.3)|(0.1, -0.7, -0.1, -0.7)
6.634149
OVRCameraRig|(-25.3, 40.7, -183.3)|(0.1, -0.7, -0.1, -0.7)
6.654149
OVRCameraRig|(-25.3, 40.7, -183.3)|(0.1, -0.7, -0.1, -0.7)
6.674149
OVRCameraRig|(-25.3, 40.7, -183.3)|(0.1, -0.7, -0.1, -0.7)
6.694149
OVRCameraRig|(-25.3, 40.7, -183.3)|(0.1, -0.7, -0.1, -0.7)
6.714149
OVRCameraRig|(-25.3, 40.7, -183.3)|(0.1, -0.7, -0.1, -0.7)
6.734149
OVRCameraRig|(-25.3, 40.7, -183.3)|(0.1, -0.7, -0.1, -0.7)
6.754149
OVRCameraRig|(-25.3, 40.7, -183.3)|(0.1, -0.7, -0.1, -0.7)
6.774148
OVRCameraRig|(-25.3, 40.7, -183.3)|(0.1, -0.7, -0.1, -0.7)
6.794149
OVRCameraRig|(-25.3, 40.7, -183.3)|(0.1, -0.7, -0.1, -0.7)
6.814148
OVRCameraRig|(-25.3, 40.7, -183.3)|(0.1, -0.7, -0.1, -0.7)
6.834149
OVRCameraRig|(-25.3, 40.7, -183.3)|(0.1, -0.7, -0.1, -0.7)
6.854148
OVRCameraRig|(-25.3, 40.7, -183.3)|(0.1, -0.7, -0.1, -0.7)
6.874149
OVRCameraRig|(-25.3, 40.7, -183.3)|(0.1, -0.7, -0.1, -0.7)
6.894149
OVRCameraRig|(-25.3, 40.7, -183.3)|(0.1, -0.7, -0.1, -0.7)
6.914149
OVRCameraRig|(-25.3, 40.7, -183.3)|(0.1, -0.7, -0.1, -0.7)
6.934149
OVRCameraRig|(-25.3, 40.7, -183.3)|(0.1, -0.7, -0.1, -0.7)
6.954149
OVRCameraRig|(-25.3, 40.7, -183.3)|(0.1, -0.7, -0.1, -0.7)
6.974149
OVRCameraRig|(-25.3, 40.7, -183.3)|(0.1, -0.7, -0.1, -0.7)
6.994149
OVRCameraRig|(-25.3, 40.7, -183.3)|(0.1, -0.7, -0.1, -0.7)
7.014149
OVRCameraRig|(-25.3, 40.7, -183.3)|(0.1, -0.7, -0.1, -0.7)
7.034149
OVRCameraRig|(-25.3, 40.7, -183.3)|(0.2, -0.7, -0.1, -0.7)
7.054149
OVRCameraRig|(-25.3, 40.7, -183.3)|(0.2, -0.7, -0.1, -0.7)
7.074149
OVRCameraRig|(-25.3, 40.7, -183.3)|(0.2, -0.7, -0.2, -0.7)
7.094149
OVRCameraRig|(-25.3, 40.7, -183.3)|(0.2, -0.7, -0.2, -0.7)
7.114149
OVRCameraRig|(-25.3, 40.7, -183.3)|(0.2, -0.7, -0.2, -0.7)
7.134149
OVRCameraRig|(-25.3, 40.7, -183.3)|(0.2, -0.7, -0.2, -0.7)
7.154149
OVRCameraRig|(-25.3, 40.7, -183.3)|(0.2, -0.7, -0.2, -0.7)
7.174149
OVRCameraRig|(-25.3, 40.7, -183.3)|(0.2, -0.7, -0.2, -0.7)
7.194149
OVRCameraRig|(-25.3, 40.7, -183.3)|(0.2, -0.7, -0.2, -0.7)
7.214149
OVRCameraRig|(-25.3, 40.7, -183.3)|(0.2, -0.7, -0.2, -0.7)
7.234149
OVRCameraRig|(-25.3, 40.7, -183.3)|(0.2, -0.7, -0.2, -0.7)
7.254149
OVRCameraRig|(-25.3, 40.7, -183.3)|(0.2, -0.7, -0.2, -0.7)
7.274148
OVRCameraRig|(-25.3, 40.7, -183.3)|(0.2, -0.7, -0.2, -0.7)
7.294149
OVRCameraRig|(-25.3, 40.7, -183.3)|(0.2, -0.7, -0.2, -0.7)
7.314148
OVRCameraRig|(-25.3, 40.7, -183.3)|(0.2, -0.7, -0.2, -0.7)
7.334149
OVRCameraRig|(-25.3, 40.7, -183.3)|(0.2, -0.7, -0.2, -0.7)
7.354148
OVRCameraRig|(-25.3, 40.7, -183.3)|(0.2, -0.7, -0.2, -0.7)
7.374149
OVRCameraRig|(-25.3, 40.7, -183.3)|(0.2, -0.7, -0.2, -0.7)
7.394149
OVRCameraRig|(-25.3, 40.7, -183.3)|(0.2, -0.7, -0.2, -0.7)
7.414149
OVRCameraRig|(-25.3, 40.7, -183.3)|(0.2, -0.7, -0.2, -0.7)
7.434149
OVRCameraRig|(-25.3, 40.7, -183.3)|(0.2, -0.7, -0.2, -0.7)
7.454149
OVRCameraRig|(-25.3, 40.7, -183.3)|(0.2, -0.7, -0.2, -0.7)
7.474149
OVRCameraRig|(-25.3, 40.7, -183.3)|(0.2, -0.7, -0.2, -0.7)
7.494149
OVRCameraRig|(-25.3, 40.7, -183.3)|(0.2, -0.7, -0.2, -0.7)
7.514149
OVRCameraRig|(-25.3, 40.7, -183.3)|(0.2, -0.7, -0.2, -0.7)
7.534149
OVRCameraRig|(-25.3, 40.7, -183.3)|(0.2, -0.7, -0.2, -0.7)
7.554149
OVRCameraRig|(-25.3, 40.7, -183.3)|(0.2, -0.7, -0.2, -0.7)
7.574149
OVRCameraRig|(-25.3, 40.7, -183.3)|(0.2, -0.7, -0.2, -0.7)
7.594149
OVRCameraRig|(-25.3, 40.7, -183.3)|(0.2, -0.7, -0.2, -0.7)
7.614149
OVRCameraRig|(-25.3, 40.7, -183.3)|(0.2, -0.7, -0.2, -0.7)
7.634149
OVRCameraRig|(-25.3, 40.7, -183.3)|(0.2, -0.7, -0.2, -0.7)
7.654149
OVRCameraRig|(-25.3, 40.7, -183.3)|(0.2, -0.7, -0.2, -0.7)
7.674149
OVRCameraRig|(-25.3, 40.7, -183.3)|(0.2, -0.7, -0.2, -0.7)
7.694149
OVRCameraRig|(-25.3, 40.7, -183.3)|(0.2, -0.7, -0.2, -0.7)
7.714149
OVRCameraRig|(-25.3, 40.7, -183.3)|(0.2, -0.7, -0.2, -0.7)
7.734149
OVRCameraRig|(-25.3, 40.7, -183.3)|(0.2, -0.7, -0.2, -0.7)
7.754149
OVRCameraRig|(-25.3, 40.7, -183.3)|(0.2, -0.7, -0.2, -0.7)
7.774148
OVRCameraRig|(-25.3, 40.7, -183.3)|(0.2, -0.7, -0.2, -0.7)
7.794149
OVRCameraRig|(-25.3, 40.7, -183.3)|(0.2, -0.7, -0.2, -0.7)
7.814148
OVRCameraRig|(-25.3, 40.7, -183.3)|(0.2, -0.7, -0.2, -0.7)
7.834149
OVRCameraRig|(-25.3, 40.7, -183.3)|(0.2, -0.7, -0.2, -0.7)
7.854148
OVRCameraRig|(-25.3, 40.7, -183.3)|(0.2, -0.7, -0.2, -0.7)
7.874149
OVRCameraRig|(-25.3, 40.7, -183.3)|(0.2, -0.7, -0.2, -0.7)
7.894149
OVRCameraRig|(-25.3, 40.7, -183.3)|(0.2, -0.7, -0.2, -0.7)
7.914149
OVRCameraRig|(-25.3, 40.7, -183.3)|(0.2, -0.7, -0.2, -0.7)
7.934149
OVRCameraRig|(-25.3, 40.7, -183.3)|(0.2, -0.7, -0.2, -0.7)
7.954149
OVRCameraRig|(-25.3, 40.7, -183.3)|(0.2, -0.7, -0.2, -0.7)
7.974149
OVRCameraRig|(-25.3, 40.7, -183.3)|(0.2, -0.7, -0.2, -0.7)
7.994149
OVRCameraRig|(-25.3, 40.7, -183.3)|(0.2, -0.7, -0.2, -0.7)
8.014149
OVRCameraRig|(-25.3, 40.7, -183.3)|(0.2, -0.7, -0.2, -0.7)
8.034149
OVRCameraRig|(-25.3, 40.7, -183.3)|(0.2, -0.7, -0.2, -0.7)
8.05415
OVRCameraRig|(-25.3, 40.7, -183.3)|(0.2, -0.7, -0.2, -0.7)
8.074148
OVRCameraRig|(-25.3, 40.7, -183.3)|(0.2, -0.7, -0.2, -0.7)
8.094149
OVRCameraRig|(-25.3, 40.7, -183.3)|(0.2, -0.7, -0.2, -0.7)
8.114149
OVRCameraRig|(-25.3, 40.7, -183.3)|(0.2, -0.7, -0.2, -0.7)
8.13415
OVRCameraRig|(-25.3, 40.7, -183.3)|(0.2, -0.7, -0.2, -0.7)
8.154148
OVRCameraRig|(-25.3, 40.7, -183.3)|(0.2, -0.7, -0.2, -0.7)
8.174149
OVRCameraRig|(-25.3, 40.7, -183.3)|(0.2, -0.7, -0.2, -0.7)
8.194149
OVRCameraRig|(-25.3, 40.7, -183.3)|(0.2, -0.7, -0.2, -0.7)
8.214149
OVRCameraRig|(-25.3, 40.7, -183.3)|(0.2, -0.7, -0.2, -0.7)
8.234148
OVRCameraRig|(-25.3, 40.7, -183.3)|(0.2, -0.7, -0.2, -0.7)
8.254148
OVRCameraRig|(-25.3, 40.7, -183.3)|(0.2, -0.7, -0.2, -0.7)
8.274149
OVRCameraRig|(-25.3, 40.7, -183.3)|(0.2, -0.7, -0.2, -0.7)
8.294149
OVRCameraRig|(-25.3, 40.7, -183.3)|(0.2, -0.7, -0.2, -0.7)
8.314148
OVRCameraRig|(-25.3, 40.7, -183.3)|(0.2, -0.7, -0.2, -0.7)
8.334148
OVRCameraRig|(-25.3, 40.7, -183.3)|(0.2, -0.7, -0.2, -0.7)
8.354149
OVRCameraRig|(-25.3, 40.7, -183.3)|(0.2, -0.7, -0.2, -0.7)
8.374149
OVRCameraRig|(-25.3, 40.7, -183.3)|(0.2, -0.7, -0.2, -0.7)
8.394148
OVRCameraRig|(-25.3, 40.7, -183.3)|(0.2, -0.7, -0.2, -0.7)
8.414148
OVRCameraRig|(-25.3, 40.7, -183.3)|(0.2, -0.7, -0.2, -0.7)
8.434149
OVRCameraRig|(-25.3, 40.7, -183.3)|(0.2, -0.7, -0.2, -0.7)
8.454149
OVRCameraRig|(-25.3, 40.7, -183.3)|(0.2, -0.7, -0.2, -0.7)
8.47415
OVRCameraRig|(-25.3, 40.7, -183.3)|(0.2, -0.7, -0.2, -0.7)
8.494148
OVRCameraRig|(-25.3, 40.7, -183.3)|(0.2, -0.7, -0.2, -0.7)
8.514149
OVRCameraRig|(-25.3, 40.7, -183.3)|(0.2, -0.7, -0.2, -0.7)
8.534149
OVRCameraRig|(-25.3, 40.7, -183.3)|(0.2, -0.7, -0.2, -0.7)
8.55415
OVRCameraRig|(-25.3, 40.7, -183.3)|(0.2, -0.7, -0.2, -0.7)
8.574148
OVRCameraRig|(-25.3, 40.7, -183.3)|(0.2, -0.7, -0.2, -0.7)
8.594149
OVRCameraRig|(-25.3, 40.7, -183.3)|(0.2, -0.7, -0.2, -0.7)
8.614149
OVRCameraRig|(-25.3, 40.7, -183.3)|(0.2, -0.7, -0.2, -0.7)
8.63415
OVRCameraRig|(-25.3, 40.7, -183.3)|(0.2, -0.7, -0.2, -0.7)
8.654148
OVRCameraRig|(-25.3, 40.7, -183.3)|(0.2, -0.7, -0.2, -0.7)
8.674149
OVRCameraRig|(-25.3, 40.7, -183.3)|(0.2, -0.7, -0.2, -0.7)
8.694149
OVRCameraRig|(-25.3, 40.7, -183.3)|(0.2, -0.7, -0.2, -0.7)
8.714149
OVRCameraRig|(-25.3, 40.7, -183.3)|(0.2, -0.7, -0.2, -0.7)
8.734148
OVRCameraRig|(-25.3, 40.7, -183.3)|(0.2, -0.7, -0.2, -0.7)
8.754148
OVRCameraRig|(-25.3, 40.7, -183.3)|(0.2, -0.7, -0.2, -0.7)
8.774149
OVRCameraRig|(-25.3, 40.7, -183.3)|(0.2, -0.7, -0.2, -0.7)
8.794149
OVRCameraRig|(-25.3, 40.7, -183.3)|(0.2, -0.7, -0.2, -0.7)
8.814148
OVRCameraRig|(-25.3, 40.7, -183.3)|(0.2, -0.7, -0.2, -0.7)
8.834148
OVRCameraRig|(-25.3, 40.7, -183.3)|(0.2, -0.7, -0.2, -0.7)
8.854149
OVRCameraRig|(-25.3, 40.7, -183.3)|(0.2, -0.7, -0.2, -0.7)
8.874149
OVRCameraRig|(-25.3, 40.7, -183.3)|(0.2, -0.7, -0.2, -0.7)
8.894148
OVRCameraRig|(-25.3, 40.7, -183.3)|(0.2, -0.7, -0.2, -0.7)
8.914148
OVRCameraRig|(-25.3, 40.7, -183.3)|(0.2, -0.7, -0.2, -0.7)
8.934149
OVRCameraRig|(-25.3, 40.7, -183.3)|(0.2, -0.7, -0.2, -0.7)
8.954149
OVRCameraRig|(-25.3, 40.7, -183.3)|(0.2, -0.7, -0.2, -0.7)
8.97415
OVRCameraRig|(-25.3, 40.7, -183.3)|(0.2, -0.7, -0.2, -0.7)
8.994148
OVRCameraRig|(-25.3, 40.7, -183.3)|(0.2, -0.7, -0.2, -0.7)
9.014149
OVRCameraRig|(-25.3, 40.7, -183.3)|(0.2, -0.7, -0.2, -0.7)
9.034149
OVRCameraRig|(-25.3, 40.7, -183.3)|(0.2, -0.7, -0.2, -0.7)
9.05415
OVRCameraRig|(-25.3, 40.7, -183.3)|(0.2, -0.7, -0.2, -0.7)
9.074148
OVRCameraRig|(-25.3, 40.7, -183.3)|(0.2, -0.7, -0.2, -0.7)
9.094149
OVRCameraRig|(-25.3, 40.7, -183.3)|(0.2, -0.7, -0.2, -0.7)
9.114149
OVRCameraRig|(-25.3, 40.7, -183.3)|(0.2, -0.7, -0.2, -0.7)
9.13415
OVRCameraRig|(-25.3, 40.7, -183.3)|(0.2, -0.7, -0.2, -0.7)
9.154148
OVRCameraRig|(-25.3, 40.7, -183.3)|(0.2, -0.7, -0.2, -0.7)
9.174149
OVRCameraRig|(-25.3, 40.7, -183.3)|(0.2, -0.7, -0.2, -0.7)
9.194149
OVRCameraRig|(-25.3, 40.7, -183.3)|(0.2, -0.7, -0.2, -0.7)
9.214149
OVRCameraRig|(-25.3, 40.7, -183.3)|(0.2, -0.7, -0.2, -0.7)
9.234148
OVRCameraRig|(-25.3, 40.7, -183.3)|(0.2, -0.7, -0.2, -0.7)
9.254148
OVRCameraRig|(-25.3, 40.7, -183.3)|(0.2, -0.7, -0.2, -0.7)
9.274149
OVRCameraRig|(-25.3, 40.7, -183.3)|(0.2, -0.7, -0.2, -0.7)
9.294149
OVRCameraRig|(-25.3, 40.7, -183.3)|(0.2, -0.7, -0.2, -0.7)
9.314148
OVRCameraRig|(-25.3, 40.7, -183.3)|(0.2, -0.7, -0.2, -0.7)
9.334148
OVRCameraRig|(-25.3, 40.7, -183.3)|(0.2, -0.7, -0.2, -0.7)
9.354149
OVRCameraRig|(-25.3, 40.7, -183.3)|(0.2, -0.7, -0.2, -0.7)
9.374149
OVRCameraRig|(-25.3, 40.7, -183.3)|(0.2, -0.7, -0.2, -0.7)
9.394148
OVRCameraRig|(-25.3, 40.7, -183.3)|(0.2, -0.7, -0.2, -0.7)
9.414148
OVRCameraRig|(-25.3, 40.7, -183.3)|(0.2, -0.7, -0.2, -0.7)
9.434149
OVRCameraRig|(-25.3, 40.7, -183.3)|(0.2, -0.7, -0.2, -0.7)
9.454149
OVRCameraRig|(-25.3, 40.7, -183.3)|(0.2, -0.7, -0.2, -0.7)
9.47415
OVRCameraRig|(-25.3, 40.7, -183.3)|(0.2, -0.7, -0.2, -0.7)
9.494148
OVRCameraRig|(-25.3, 40.7, -183.3)|(0.2, -0.7, -0.2, -0.7)
9.514149
OVRCameraRig|(-25.3, 40.7, -183.3)|(0.2, -0.7, -0.2, -0.7)
9.534149
OVRCameraRig|(-25.3, 40.7, -183.3)|(0.2, -0.7, -0.2, -0.7)
9.55415
OVRCameraRig|(-25.3, 40.7, -183.3)|(0.2, -0.7, -0.2, -0.7)
9.57415
OVRCameraRig|(-25.3, 40.7, -183.3)|(0.2, -0.7, -0.2, -0.7)
9.594149
OVRCameraRig|(-25.3, 40.7, -183.3)|(0.2, -0.7, -0.2, -0.7)
9.614149
OVRCameraRig|(-25.3, 40.7, -183.3)|(0.2, -0.7, -0.2, -0.7)
9.63415
OVRCameraRig|(-25.3, 40.7, -183.3)|(0.2, -0.7, -0.2, -0.7)
9.65415
OVRCameraRig|(-25.3, 40.7, -183.3)|(0.2, -0.7, -0.2, -0.7)
9.674149
OVRCameraRig|(-25.3, 40.7, -183.3)|(0.2, -0.7, -0.2, -0.7)
9.694149
OVRCameraRig|(-25.3, 40.7, -183.3)|(0.2, -0.7, -0.2, -0.7)
9.714149
OVRCameraRig|(-25.3, 40.7, -183.3)|(0.2, -0.7, -0.2, -0.7)
9.73415
OVRCameraRig|(-25.3, 40.7, -183.3)|(0.2, -0.6, -0.2, -0.7)
9.754148
OVRCameraRig|(-25.3, 40.7, -183.3)|(0.2, -0.6, -0.2, -0.7)
9.774149
OVRCameraRig|(-25.3, 40.7, -183.3)|(0.2, -0.6, -0.2, -0.7)
9.794149
OVRCameraRig|(-25.3, 40.7, -183.3)|(0.2, -0.6, -0.2, -0.8)
9.81415
OVRCameraRig|(-25.3, 40.7, -183.3)|(0.2, -0.6, -0.2, -0.8)
9.834148
OVRCameraRig|(-25.3, 40.7, -183.3)|(0.2, -0.6, -0.2, -0.8)
9.854149
OVRCameraRig|(-25.3, 40.7, -183.3)|(0.2, -0.6, -0.2, -0.8)
9.874149
OVRCameraRig|(-25.3, 40.7, -183.3)|(0.2, -0.6, -0.2, -0.8)
9.89415
OVRCameraRig|(-25.3, 40.7, -183.3)|(0.2, -0.6, -0.2, -0.8)
9.914148
OVRCameraRig|(-25.3, 40.7, -183.3)|(0.2, -0.6, -0.2, -0.8)
9.934149
OVRCameraRig|(-25.3, 40.7, -183.3)|(0.2, -0.6, -0.2, -0.8)
9.954149
OVRCameraRig|(-25.3, 40.7, -183.3)|(0.2, -0.5, -0.1, -0.8)
9.97415
OVRCameraRig|(-25.3, 40.7, -183.3)|(0.2, -0.5, -0.1, -0.8)
9.99415
OVRCameraRig|(-25.3, 40.7, -183.3)|(0.2, -0.5, -0.1, -0.8)
10.01415
OVRCameraRig|(-25.3, 40.7, -183.3)|(0.2, -0.5, -0.1, -0.8)
10.03415
OVRCameraRig|(-25.3, 40.7, -183.3)|(0.2, -0.5, -0.1, -0.8)
10.05415
OVRCameraRig|(-25.3, 40.7, -183.3)|(0.2, -0.5, -0.1, -0.8)
10.07415
OVRCameraRig|(-25.3, 40.7, -183.3)|(0.2, -0.5, -0.1, -0.8)
10.09415
OVRCameraRig|(-25.3, 40.7, -183.3)|(0.2, -0.5, -0.1, -0.8)
10.11415
OVRCameraRig|(-25.3, 40.7, -183.3)|(0.2, -0.5, -0.1, -0.8)
10.13415
OVRCameraRig|(-25.3, 40.7, -183.3)|(0.2, -0.5, -0.1, -0.8)
10.15415
OVRCameraRig|(-25.3, 40.7, -183.3)|(0.2, -0.5, -0.1, -0.8)
10.17415
OVRCameraRig|(-25.3, 40.7, -183.3)|(0.2, -0.5, -0.1, -0.8)
10.19415
OVRCameraRig|(-25.3, 40.7, -183.3)|(0.2, -0.5, -0.1, -0.8)
10.21415
OVRCameraRig|(-25.3, 40.7, -183.3)|(0.2, -0.5, -0.1, -0.8)
10.23415
OVRCameraRig|(-25.3, 40.7, -183.3)|(0.2, -0.5, -0.1, -0.8)
10.25415
OVRCameraRig|(-25.3, 40.7, -183.3)|(0.2, -0.5, -0.1, -0.8)
10.27415
OVRCameraRig|(-25.3, 40.7, -183.3)|(0.2, -0.5, -0.1, -0.8)
10.29415
OVRCameraRig|(-25.3, 40.7, -183.3)|(0.2, -0.5, -0.1, -0.8)
10.31415
OVRCameraRig|(-25.3, 40.7, -183.3)|(0.2, -0.5, -0.1, -0.8)
10.33415
OVRCameraRig|(-25.3, 40.7, -183.3)|(0.2, -0.5, -0.1, -0.8)
10.35415
OVRCameraRig|(-25.3, 40.7, -183.3)|(0.2, -0.5, -0.1, -0.8)
10.37415
OVRCameraRig|(-25.3, 40.7, -183.3)|(0.2, -0.5, -0.1, -0.8)
10.39415
OVRCameraRig|(-25.3, 40.7, -183.3)|(0.2, -0.5, -0.1, -0.8)
10.41415
OVRCameraRig|(-25.3, 40.7, -183.3)|(0.2, -0.5, -0.1, -0.8)
10.43415
OVRCameraRig|(-25.3, 40.7, -183.3)|(0.2, -0.5, -0.1, -0.8)
10.45415
OVRCameraRig|(-25.3, 40.7, -183.3)|(0.2, -0.5, -0.1, -0.8)
10.47415
OVRCameraRig|(-25.3, 40.7, -183.3)|(0.2, -0.5, -0.1, -0.8)
10.49415
OVRCameraRig|(-25.3, 40.7, -183.3)|(0.2, -0.5, -0.1, -0.8)
10.51415
OVRCameraRig|(-25.3, 40.7, -183.3)|(0.2, -0.5, -0.1, -0.8)
10.53415
OVRCameraRig|(-25.3, 40.7, -183.3)|(0.2, -0.5, -0.1, -0.8)
10.55415
OVRCameraRig|(-25.3, 40.7, -183.3)|(0.2, -0.5, -0.1, -0.8)
10.57415
OVRCameraRig|(-25.3, 40.7, -183.3)|(0.2, -0.5, -0.1, -0.8)
10.59415
OVRCameraRig|(-25.3, 40.7, -183.3)|(0.2, -0.5, -0.1, -0.8)
10.61415
OVRCameraRig|(-25.3, 40.7, -183.3)|(0.2, -0.5, -0.1, -0.8)
10.63415
OVRCameraRig|(-25.3, 40.7, -183.3)|(0.2, -0.5, -0.1, -0.8)
10.65415
OVRCameraRig|(-25.3, 40.7, -183.3)|(0.2, -0.5, -0.1, -0.8)
10.67415
OVRCameraRig|(-25.3, 40.7, -183.3)|(0.2, -0.5, -0.1, -0.8)
10.69415
OVRCameraRig|(-25.3, 40.7, -183.3)|(0.2, -0.5, -0.1, -0.8)
10.71415
OVRCameraRig|(-25.3, 40.7, -183.3)|(0.2, -0.5, -0.1, -0.8)
10.73415
OVRCameraRig|(-25.3, 40.7, -183.3)|(0.2, -0.5, -0.1, -0.8)
10.75415
OVRCameraRig|(-25.3, 40.7, -183.3)|(0.2, -0.5, -0.1, -0.8)
10.77415
OVRCameraRig|(-25.3, 40.7, -183.3)|(0.2, -0.5, -0.1, -0.8)
10.79415
OVRCameraRig|(-25.3, 40.7, -183.3)|(0.2, -0.5, -0.1, -0.8)
10.81415
OVRCameraRig|(-25.3, 40.7, -183.3)|(0.2, -0.5, -0.1, -0.8)
10.83415
OVRCameraRig|(-25.3, 40.7, -183.3)|(0.2, -0.5, -0.1, -0.8)
10.85415
OVRCameraRig|(-25.3, 40.7, -183.3)|(0.2, -0.5, -0.1, -0.8)
10.87415
OVRCameraRig|(-25.3, 40.7, -183.3)|(0.2, -0.5, -0.1, -0.8)
10.89415
OVRCameraRig|(-25.3, 40.7, -183.3)|(0.2, -0.5, -0.1, -0.8)
10.91415
OVRCameraRig|(-25.3, 40.7, -183.3)|(0.2, -0.5, -0.1, -0.8)
10.93415
OVRCameraRig|(-25.3, 40.7, -183.3)|(0.2, -0.5, -0.1, -0.8)
10.95415
OVRCameraRig|(-25.3, 40.7, -183.3)|(0.2, -0.5, -0.1, -0.8)
10.97415
OVRCameraRig|(-25.3, 40.7, -183.3)|(0.2, -0.5, -0.1, -0.8)
10.99415
OVRCameraRig|(-25.3, 40.7, -183.3)|(0.2, -0.5, -0.1, -0.8)
11.01415
OVRCameraRig|(-25.3, 40.7, -183.3)|(0.2, -0.5, -0.1, -0.8)
11.03415
OVRCameraRig|(-25.3, 40.7, -183.3)|(0.2, -0.5, -0.1, -0.8)
11.05415
OVRCameraRig|(-25.3, 40.7, -183.3)|(0.2, -0.5, -0.1, -0.8)
11.07415
OVRCameraRig|(-25.3, 40.7, -183.3)|(0.2, -0.5, -0.1, -0.8)
11.09415
OVRCameraRig|(-25.3, 40.7, -183.3)|(0.2, -0.5, -0.1, -0.8)
11.11415
OVRCameraRig|(-25.3, 40.7, -183.3)|(0.2, -0.5, -0.1, -0.8)
11.13415
OVRCameraRig|(-25.3, 40.7, -183.3)|(0.2, -0.5, -0.1, -0.8)
11.15415
OVRCameraRig|(-25.3, 40.7, -183.3)|(0.2, -0.5, -0.1, -0.8)
11.17415
OVRCameraRig|(-25.3, 40.7, -183.3)|(0.2, -0.5, -0.1, -0.8)
11.19415
OVRCameraRig|(-25.3, 40.7, -183.3)|(0.2, -0.5, -0.1, -0.8)
11.21415
OVRCameraRig|(-25.3, 40.7, -183.3)|(0.2, -0.5, -0.1, -0.8)
11.23415
OVRCameraRig|(-25.3, 40.7, -183.3)|(0.2, -0.5, -0.1, -0.8)
11.25415
OVRCameraRig|(-25.3, 40.7, -183.3)|(0.2, -0.5, -0.1, -0.8)
11.27415
OVRCameraRig|(-25.3, 40.7, -183.3)|(0.2, -0.5, -0.1, -0.8)
11.29415
OVRCameraRig|(-25.3, 40.7, -183.3)|(0.2, -0.5, -0.1, -0.8)
11.31415
OVRCameraRig|(-25.3, 40.7, -183.3)|(0.2, -0.5, -0.1, -0.8)
11.33415
OVRCameraRig|(-25.3, 40.7, -183.3)|(0.2, -0.5, -0.1, -0.8)
11.35415
OVRCameraRig|(-25.3, 40.7, -183.3)|(0.2, -0.5, -0.1, -0.8)
11.37415
OVRCameraRig|(-25.3, 40.7, -183.3)|(0.2, -0.5, -0.1, -0.8)
11.39415
OVRCameraRig|(-25.3, 40.7, -183.3)|(0.2, -0.5, -0.1, -0.8)
11.41415
OVRCameraRig|(-25.3, 40.7, -183.3)|(0.2, -0.5, -0.1, -0.8)
11.43415
OVRCameraRig|(-25.3, 40.7, -183.3)|(0.2, -0.5, -0.1, -0.8)
11.45415
OVRCameraRig|(-25.3, 40.7, -183.3)|(0.2, -0.5, -0.1, -0.8)
11.47415
OVRCameraRig|(-25.3, 40.7, -183.3)|(0.2, -0.5, -0.1, -0.8)
11.49415
OVRCameraRig|(-25.3, 40.7, -183.3)|(0.2, -0.5, -0.1, -0.8)
11.51415
OVRCameraRig|(-25.3, 40.7, -183.3)|(0.2, -0.5, -0.1, -0.8)
11.53415
OVRCameraRig|(-25.3, 40.7, -183.3)|(0.2, -0.5, -0.1, -0.8)
11.55415
OVRCameraRig|(-25.3, 40.7, -183.3)|(0.2, -0.5, -0.1, -0.8)
11.57415
OVRCameraRig|(-25.3, 40.7, -183.3)|(0.2, -0.5, -0.1, -0.8)
11.59415
OVRCameraRig|(-25.3, 40.7, -183.3)|(0.2, -0.5, -0.1, -0.8)
11.61415
OVRCameraRig|(-25.3, 40.7, -183.3)|(0.2, -0.5, -0.1, -0.8)
11.63415
OVRCameraRig|(-25.3, 40.7, -183.3)|(0.2, -0.5, -0.1, -0.8)
11.65415
OVRCameraRig|(-25.3, 40.7, -183.3)|(0.2, -0.5, -0.1, -0.8)
11.67415
OVRCameraRig|(-25.3, 40.7, -183.3)|(0.2, -0.5, -0.1, -0.8)
11.69415
OVRCameraRig|(-25.3, 40.7, -183.3)|(0.2, -0.5, -0.1, -0.8)
11.71415
OVRCameraRig|(-25.3, 40.7, -183.3)|(0.2, -0.5, -0.1, -0.8)
11.73415
OVRCameraRig|(-25.3, 40.7, -183.3)|(0.2, -0.5, -0.1, -0.8)
11.75415
OVRCameraRig|(-25.3, 40.7, -183.3)|(0.2, -0.5, -0.1, -0.8)
11.77415
OVRCameraRig|(-25.3, 40.7, -183.3)|(0.2, -0.5, -0.1, -0.8)
11.79415
OVRCameraRig|(-25.3, 40.7, -183.3)|(0.2, -0.5, -0.1, -0.8)
11.81415
OVRCameraRig|(-25.3, 40.7, -183.3)|(0.2, -0.5, -0.1, -0.8)
11.83415
OVRCameraRig|(-19.6, 40.7, -183.3)|(0.2, -0.5, -0.1, -0.8)
11.85415
OVRCameraRig|(-16.0, 40.7, -183.3)|(0.2, -0.5, -0.1, -0.8)
11.87415
OVRCameraRig|(-15.7, 40.7, -183.3)|(0.2, -0.5, -0.1, -0.8)
11.89415
OVRCameraRig|(-15.7, 40.7, -183.3)|(0.2, -0.5, -0.1, -0.8)
11.91415
OVRCameraRig|(-15.4, 40.7, -183.3)|(0.2, -0.5, -0.1, -0.8)
11.93415
OVRCameraRig|(-15.4, 40.7, -183.3)|(0.2, -0.5, -0.1, -0.8)
11.95415
OVRCameraRig|(-15.4, 40.7, -183.3)|(0.2, -0.5, -0.1, -0.8)
11.97415
OVRCameraRig|(-15.4, 40.7, -183.3)|(0.2, -0.5, -0.1, -0.8)
11.99415
OVRCameraRig|(-15.4, 40.7, -183.3)|(0.2, -0.5, -0.1, -0.8)
12.01415
OVRCameraRig|(-15.4, 40.7, -183.3)|(0.2, -0.5, -0.1, -0.8)
12.03415
OVRCameraRig|(-15.4, 40.7, -183.3)|(0.2, -0.5, -0.1, -0.8)
12.05415
OVRCameraRig|(-15.4, 40.7, -183.3)|(0.2, -0.5, -0.1, -0.8)
12.07415
OVRCameraRig|(-15.4, 40.7, -183.3)|(0.2, -0.5, -0.1, -0.8)
12.09415
OVRCameraRig|(-15.4, 40.7, -183.3)|(0.2, -0.5, -0.1, -0.8)
12.11415
OVRCameraRig|(-15.4, 40.7, -183.3)|(0.2, -0.5, -0.1, -0.8)
12.13415
OVRCameraRig|(-15.4, 40.7, -183.3)|(0.2, -0.5, -0.1, -0.8)
12.15415
OVRCameraRig|(-15.4, 40.7, -183.3)|(0.2, -0.5, -0.1, -0.8)
12.17415
OVRCameraRig|(-15.4, 40.7, -183.3)|(0.2, -0.5, -0.1, -0.8)
12.19415
OVRCameraRig|(-15.4, 40.7, -183.3)|(0.2, -0.5, -0.1, -0.8)
12.21415
OVRCameraRig|(-15.4, 40.7, -183.3)|(0.2, -0.5, -0.1, -0.8)
12.23415
OVRCameraRig|(-15.4, 40.7, -183.3)|(0.2, -0.5, -0.1, -0.8)
12.25415
OVRCameraRig|(-15.7, 40.7, -183.3)|(0.2, -0.5, -0.1, -0.8)
12.27415
OVRCameraRig|(-15.7, 40.7, -183.3)|(0.2, -0.5, -0.1, -0.8)
12.29415
OVRCameraRig|(-15.7, 40.7, -183.3)|(0.2, -0.5, -0.1, -0.8)
12.31415
OVRCameraRig|(-16.0, 40.7, -183.3)|(0.2, -0.5, -0.1, -0.8)
12.33415
OVRCameraRig|(-16.4, 40.7, -183.3)|(0.2, -0.5, -0.1, -0.8)
12.35415
OVRCameraRig|(-17.0, 40.7, -183.3)|(0.2, -0.5, -0.1, -0.8)
12.37415
OVRCameraRig|(-17.4, 40.7, -183.3)|(0.2, -0.5, -0.1, -0.8)
12.39415
OVRCameraRig|(-17.4, 40.7, -183.3)|(0.2, -0.5, -0.1, -0.8)
12.41415
OVRCameraRig|(-17.4, 40.7, -183.3)|(0.2, -0.5, -0.1, -0.8)
12.43415
OVRCameraRig|(-17.4, 40.7, -183.3)|(0.2, -0.5, -0.1, -0.8)
12.45415
OVRCameraRig|(-17.7, 40.7, -183.3)|(0.2, -0.5, -0.1, -0.8)
12.47415
OVRCameraRig|(-17.7, 40.7, -183.3)|(0.2, -0.5, -0.1, -0.8)
12.49415
OVRCameraRig|(-17.7, 40.7, -183.3)|(0.2, -0.5, -0.1, -0.8)
12.51415
OVRCameraRig|(-17.7, 40.7, -183.3)|(0.2, -0.5, -0.1, -0.8)
12.53415
OVRCameraRig|(-17.7, 40.7, -183.3)|(0.2, -0.5, -0.1, -0.8)
12.55415
OVRCameraRig|(-17.7, 40.7, -183.3)|(0.2, -0.5, -0.1, -0.8)
12.57415
OVRCameraRig|(-17.7, 40.7, -183.3)|(0.2, -0.5, -0.1, -0.8)
12.59415
OVRCameraRig|(-17.7, 40.7, -183.3)|(0.2, -0.5, -0.1, -0.8)
12.61415
OVRCameraRig|(-17.7, 40.7, -183.3)|(0.2, -0.5, -0.1, -0.8)
12.63415
OVRCameraRig|(-18.0, 40.7, -183.3)|(0.2, -0.5, -0.1, -0.8)
12.65415
OVRCameraRig|(-18.3, 40.7, -183.3)|(0.2, -0.5, -0.1, -0.8)
12.67415
OVRCameraRig|(-18.3, 40.7, -183.3)|(0.2, -0.5, -0.1, -0.8)
12.69415
OVRCameraRig|(-18.6, 40.7, -183.3)|(0.2, -0.5, -0.1, -0.8)
12.71415
OVRCameraRig|(-18.6, 40.7, -183.3)|(0.2, -0.5, -0.1, -0.8)
12.73415
OVRCameraRig|(-18.9, 40.7, -183.3)|(0.2, -0.5, -0.1, -0.8)
12.75415
OVRCameraRig|(-18.9, 40.7, -183.3)|(0.2, -0.5, -0.1, -0.8)
12.77415
OVRCameraRig|(-18.9, 40.7, -183.3)|(0.2, -0.5, -0.1, -0.8)
12.79415
OVRCameraRig|(-18.9, 40.7, -183.3)|(0.2, -0.5, -0.1, -0.8)
12.81415
OVRCameraRig|(-18.9, 40.7, -183.3)|(0.2, -0.5, -0.1, -0.8)
12.83415
OVRCameraRig|(-18.9, 40.7, -183.3)|(0.2, -0.5, -0.1, -0.8)
12.85415
OVRCameraRig|(-19.3, 40.7, -183.3)|(0.2, -0.5, -0.1, -0.8)
12.87415
OVRCameraRig|(-19.3, 40.7, -183.3)|(0.2, -0.5, -0.1, -0.8)
12.89415
OVRCameraRig|(-19.3, 40.7, -183.3)|(0.2, -0.5, -0.1, -0.8)
12.91415
OVRCameraRig|(-19.3, 40.7, -183.3)|(0.2, -0.5, -0.1, -0.8)
12.93415
OVRCameraRig|(-19.3, 40.7, -183.3)|(0.2, -0.5, -0.1, -0.8)
12.95415
OVRCameraRig|(-19.3, 40.7, -183.3)|(0.2, -0.5, -0.1, -0.8)
12.97415
OVRCameraRig|(-19.3, 40.7, -183.3)|(0.2, -0.5, -0.1, -0.8)
12.99415
OVRCameraRig|(-19.6, 40.7, -183.3)|(0.2, -0.5, -0.1, -0.8)
13.01415
OVRCameraRig|(-19.6, 40.7, -183.3)|(0.2, -0.5, -0.1, -0.8)
13.03415
OVRCameraRig|(-19.6, 40.7, -183.3)|(0.2, -0.5, -0.1, -0.8)
13.05415
OVRCameraRig|(-19.9, 40.7, -183.3)|(0.2, -0.5, -0.1, -0.8)
13.07415
OVRCameraRig|(-20.2, 40.7, -183.3)|(0.2, -0.5, -0.1, -0.8)
13.09415
OVRCameraRig|(-20.5, 40.7, -183.3)|(0.2, -0.5, -0.1, -0.8)
13.11415
OVRCameraRig|(-20.5, 40.7, -183.3)|(0.2, -0.5, -0.1, -0.8)
13.13415
OVRCameraRig|(-20.5, 40.7, -183.3)|(0.2, -0.5, -0.1, -0.8)
13.15415
OVRCameraRig|(-20.8, 40.7, -183.3)|(0.2, -0.5, -0.1, -0.8)
13.17415
OVRCameraRig|(-21.1, 40.7, -183.3)|(0.2, -0.5, -0.1, -0.8)
13.19415
OVRCameraRig|(-21.1, 40.7, -183.3)|(0.2, -0.5, -0.1, -0.8)
13.21415
OVRCameraRig|(-21.1, 40.7, -183.3)|(0.2, -0.5, -0.1, -0.8)
13.23415
OVRCameraRig|(-21.1, 40.7, -183.3)|(0.2, -0.5, -0.1, -0.8)
13.25415
OVRCameraRig|(-21.1, 40.7, -183.3)|(0.2, -0.5, -0.1, -0.8)
13.27415
OVRCameraRig|(-21.1, 40.7, -183.3)|(0.2, -0.5, -0.1, -0.8)
13.29415
OVRCameraRig|(-21.1, 40.7, -183.3)|(0.2, -0.5, -0.1, -0.8)
13.31415
OVRCameraRig|(-21.1, 40.7, -183.3)|(0.2, -0.5, -0.1, -0.8)
13.33415
OVRCameraRig|(-21.4, 40.7, -183.3)|(0.2, -0.5, -0.1, -0.8)
13.35415
OVRCameraRig|(-21.4, 40.7, -183.3)|(0.2, -0.5, -0.1, -0.8)
13.37415
OVRCameraRig|(-21.4, 40.7, -183.3)|(0.2, -0.5, -0.1, -0.8)
13.39415
OVRCameraRig|(-21.4, 40.7, -183.3)|(0.2, -0.5, -0.1, -0.8)
13.41415
OVRCameraRig|(-21.4, 40.7, -183.3)|(0.2, -0.5, -0.1, -0.8)
13.43415
OVRCameraRig|(-21.4, 40.7, -183.3)|(0.2, -0.5, -0.1, -0.8)
13.45415
OVRCameraRig|(-21.4, 40.7, -183.3)|(0.2, -0.5, -0.1, -0.8)
13.47415
OVRCameraRig|(-21.4, 40.7, -183.3)|(0.2, -0.5, -0.1, -0.8)
13.49415
OVRCameraRig|(-21.4, 40.7, -183.3)|(0.2, -0.5, -0.1, -0.8)
13.51415
OVRCameraRig|(-21.4, 40.7, -183.3)|(0.2, -0.5, -0.1, -0.8)
13.53415
OVRCameraRig|(-21.4, 40.7, -183.3)|(0.2, -0.5, -0.1, -0.8)
13.55415
OVRCameraRig|(-21.4, 40.7, -183.3)|(0.2, -0.5, -0.1, -0.8)
13.57415
OVRCameraRig|(-21.4, 40.7, -183.3)|(0.2, -0.5, -0.1, -0.8)
13.59415
OVRCameraRig|(-21.4, 40.7, -183.3)|(0.2, -0.5, -0.1, -0.8)
13.61415
OVRCameraRig|(-21.4, 40.7, -183.3)|(0.2, -0.5, -0.1, -0.8)
13.63415
OVRCameraRig|(-21.4, 40.7, -183.3)|(0.2, -0.5, -0.1, -0.8)
13.65415
OVRCameraRig|(-21.4, 40.7, -183.3)|(0.2, -0.5, -0.1, -0.8)
13.67415
OVRCameraRig|(-21.4, 40.7, -183.3)|(0.2, -0.5, -0.1, -0.8)
13.69415
OVRCameraRig|(-21.4, 40.7, -183.3)|(0.2, -0.5, -0.1, -0.8)
13.71415
OVRCameraRig|(-21.4, 40.7, -183.3)|(0.2, -0.5, -0.1, -0.8)
13.73415
OVRCameraRig|(-21.4, 40.7, -183.3)|(0.2, -0.5, -0.1, -0.8)
13.75415
OVRCameraRig|(-21.4, 40.7, -183.3)|(0.2, -0.5, -0.1, -0.8)
13.77415
OVRCameraRig|(-21.4, 40.7, -183.3)|(0.2, -0.5, -0.1, -0.8)
13.79415
OVRCameraRig|(-21.4, 40.7, -183.3)|(0.2, -0.5, -0.1, -0.8)
13.81415
OVRCameraRig|(-21.4, 40.7, -183.3)|(0.2, -0.5, -0.1, -0.8)
13.83415
OVRCameraRig|(-21.4, 40.7, -183.3)|(0.2, -0.5, -0.1, -0.8)
13.85415
OVRCameraRig|(-21.4, 40.7, -183.3)|(0.2, -0.5, -0.1, -0.8)
13.87415
OVRCameraRig|(-21.4, 40.7, -183.3)|(0.2, -0.5, -0.1, -0.8)
13.89415
OVRCameraRig|(-21.4, 40.7, -183.3)|(0.2, -0.5, -0.1, -0.8)
13.91415
OVRCameraRig|(-21.4, 40.7, -183.3)|(0.2, -0.5, -0.1, -0.8)
13.93415
OVRCameraRig|(-21.4, 40.7, -183.3)|(0.2, -0.5, -0.1, -0.8)
13.95415
OVRCameraRig|(-21.4, 40.7, -183.3)|(0.2, -0.5, -0.1, -0.8)
13.97415
OVRCameraRig|(-21.4, 40.7, -183.3)|(0.2, -0.5, -0.1, -0.8)
13.99415
OVRCameraRig|(-21.4, 40.7, -183.3)|(0.2, -0.5, -0.1, -0.8)
14.01415
OVRCameraRig|(-21.4, 40.7, -183.3)|(0.2, -0.5, -0.1, -0.8)
14.03415
OVRCameraRig|(-21.4, 40.7, -183.3)|(0.2, -0.5, -0.1, -0.8)
14.05415
OVRCameraRig|(-21.4, 40.7, -183.3)|(0.2, -0.5, -0.1, -0.8)
14.07415
OVRCameraRig|(-21.1, 40.7, -183.3)|(0.2, -0.5, -0.1, -0.8)
14.09415
OVRCameraRig|(-21.1, 40.7, -183.3)|(0.2, -0.5, -0.1, -0.8)
14.11415
OVRCameraRig|(-21.1, 40.7, -183.3)|(0.2, -0.5, -0.1, -0.8)
14.13415
OVRCameraRig|(-21.1, 40.7, -183.3)|(0.2, -0.5, -0.1, -0.8)
14.15415
OVRCameraRig|(-21.1, 40.7, -183.3)|(0.2, -0.5, -0.1, -0.8)
14.17415
OVRCameraRig|(-21.1, 40.7, -183.3)|(0.2, -0.5, -0.1, -0.8)
14.19415
OVRCameraRig|(-21.1, 40.7, -183.3)|(0.2, -0.5, -0.1, -0.8)
14.21415
OVRCameraRig|(-21.1, 40.7, -183.3)|(0.2, -0.5, -0.1, -0.8)
14.23415
OVRCameraRig|(-21.1, 40.7, -183.3)|(0.2, -0.5, -0.1, -0.8)
14.25415
OVRCameraRig|(-21.1, 40.7, -183.3)|(0.2, -0.5, -0.1, -0.8)
14.27415
OVRCameraRig|(-21.1, 40.7, -183.3)|(0.2, -0.5, -0.1, -0.8)
14.29415
OVRCameraRig|(-21.1, 40.7, -183.3)|(0.2, -0.5, -0.1, -0.8)
14.31415
OVRCameraRig|(-21.1, 40.7, -183.3)|(0.2, -0.5, -0.1, -0.8)
14.33415
OVRCameraRig|(-21.1, 40.7, -183.3)|(0.2, -0.5, -0.1, -0.8)
14.35415
OVRCameraRig|(-21.1, 40.7, -183.3)|(0.2, -0.5, -0.1, -0.8)
14.37415
OVRCameraRig|(-21.1, 40.7, -183.3)|(0.2, -0.5, -0.1, -0.8)
14.39415
OVRCameraRig|(-21.1, 40.7, -183.3)|(0.2, -0.5, -0.1, -0.8)
14.41415
OVRCameraRig|(-21.1, 40.7, -183.3)|(0.2, -0.5, -0.1, -0.8)
14.43415
OVRCameraRig|(-21.1, 40.7, -183.3)|(0.2, -0.5, -0.1, -0.8)
14.45415
OVRCameraRig|(-21.1, 40.7, -183.3)|(0.2, -0.5, -0.1, -0.8)
14.47415
OVRCameraRig|(-21.1, 40.7, -183.3)|(0.2, -0.5, -0.1, -0.8)
14.49415
OVRCameraRig|(-21.1, 40.7, -183.3)|(0.2, -0.5, -0.1, -0.8)
14.51415
OVRCameraRig|(-21.1, 40.7, -183.3)|(0.2, -0.5, -0.1, -0.8)
14.53415
OVRCameraRig|(-21.1, 40.7, -183.3)|(0.2, -0.5, -0.1, -0.8)
14.55415
OVRCameraRig|(-21.1, 40.7, -183.3)|(0.2, -0.5, -0.1, -0.8)
14.57415
OVRCameraRig|(-21.1, 40.7, -183.3)|(0.2, -0.5, -0.1, -0.8)
14.59415
OVRCameraRig|(-21.1, 40.7, -183.3)|(0.2, -0.5, -0.1, -0.8)
14.61415
OVRCameraRig|(-21.1, 40.7, -183.3)|(0.2, -0.5, -0.1, -0.8)
14.63415
OVRCameraRig|(-21.1, 40.7, -183.3)|(0.2, -0.5, -0.1, -0.8)
14.65415
OVRCameraRig|(-21.1, 40.7, -183.3)|(0.2, -0.5, -0.1, -0.8)
14.67415
OVRCameraRig|(-21.4, 40.7, -183.3)|(0.2, -0.5, -0.1, -0.8)
14.69415
OVRCameraRig|(-21.4, 40.7, -183.3)|(0.2, -0.5, -0.1, -0.8)
14.71415
OVRCameraRig|(-21.4, 40.7, -183.3)|(0.2, -0.5, -0.1, -0.8)
14.73415
OVRCameraRig|(-21.4, 40.7, -183.3)|(0.2, -0.5, -0.1, -0.8)
14.75415
OVRCameraRig|(-21.7, 40.7, -183.3)|(0.2, -0.5, -0.1, -0.8)
14.77415
OVRCameraRig|(-22.0, 40.7, -183.3)|(0.2, -0.5, -0.1, -0.8)
14.79415
OVRCameraRig|(-22.3, 40.7, -183.3)|(0.2, -0.5, -0.1, -0.8)
14.81415
OVRCameraRig|(-22.6, 40.7, -183.3)|(0.2, -0.5, -0.1, -0.8)
14.83415
OVRCameraRig|(-22.6, 40.7, -183.3)|(0.2, -0.5, -0.1, -0.8)
14.85415
OVRCameraRig|(-22.6, 40.7, -183.3)|(0.2, -0.5, -0.1, -0.8)
14.87415
OVRCameraRig|(-22.6, 40.7, -183.3)|(0.2, -0.5, -0.1, -0.8)
14.89415
OVRCameraRig|(-22.6, 40.7, -183.3)|(0.2, -0.5, -0.1, -0.8)
14.91415
OVRCameraRig|(-23.2, 40.7, -183.3)|(0.2, -0.5, -0.1, -0.8)
14.93415
OVRCameraRig|(-23.5, 40.7, -183.3)|(0.2, -0.5, -0.1, -0.8)
14.95415
OVRCameraRig|(-23.8, 40.7, -183.3)|(0.2, -0.5, -0.1, -0.8)
14.97415
OVRCameraRig|(-23.8, 40.7, -183.3)|(0.2, -0.5, -0.1, -0.8)
14.99415
OVRCameraRig|(-23.8, 40.7, -183.3)|(0.2, -0.5, -0.1, -0.8)
15.01415
OVRCameraRig|(-24.1, 40.7, -183.3)|(0.2, -0.5, -0.1, -0.8)
15.03415
OVRCameraRig|(-24.5, 40.7, -183.3)|(0.2, -0.5, -0.1, -0.8)
15.05415
OVRCameraRig|(-24.5, 40.7, -183.3)|(0.2, -0.5, -0.1, -0.8)
15.07415
OVRCameraRig|(-24.9, 40.7, -183.3)|(0.2, -0.5, -0.1, -0.8)
15.09415
OVRCameraRig|(-25.2, 40.7, -183.3)|(0.2, -0.5, -0.1, -0.8)
15.11415
OVRCameraRig|(-25.2, 40.7, -183.3)|(0.2, -0.5, -0.1, -0.8)
15.13415
OVRCameraRig|(-25.6, 40.7, -183.3)|(0.2, -0.5, -0.1, -0.8)
15.15415
OVRCameraRig|(-25.6, 40.7, -183.3)|(0.2, -0.5, -0.1, -0.8)
15.17415
OVRCameraRig|(-25.6, 40.7, -183.3)|(0.2, -0.5, -0.1, -0.8)
15.19415
OVRCameraRig|(-25.6, 40.7, -183.3)|(0.2, -0.5, -0.1, -0.8)
15.21415
OVRCameraRig|(-25.6, 40.7, -183.3)|(0.2, -0.5, -0.1, -0.8)
15.23415
OVRCameraRig|(-25.6, 40.7, -183.3)|(0.2, -0.5, -0.1, -0.8)
15.25415
OVRCameraRig|(-25.6, 40.7, -183.3)|(0.2, -0.5, -0.1, -0.8)
15.27415
OVRCameraRig|(-25.6, 40.7, -183.3)|(0.2, -0.5, -0.1, -0.8)
15.29415
OVRCameraRig|(-25.6, 40.7, -183.3)|(0.2, -0.5, -0.1, -0.8)
15.31415
OVRCameraRig|(-25.9, 40.7, -183.3)|(0.2, -0.5, -0.1, -0.8)
15.33415
OVRCameraRig|(-26.5, 40.7, -183.3)|(0.2, -0.5, -0.1, -0.8)
15.35415
OVRCameraRig|(-26.8, 40.7, -183.3)|(0.2, -0.5, -0.1, -0.8)
15.37415
OVRCameraRig|(-26.8, 40.7, -183.3)|(0.2, -0.5, -0.1, -0.8)
15.39415
OVRCameraRig|(-26.8, 40.7, -183.3)|(0.2, -0.5, -0.1, -0.8)
15.41415
OVRCameraRig|(-26.8, 40.7, -183.3)|(0.2, -0.5, -0.1, -0.8)
15.43415
OVRCameraRig|(-26.8, 40.7, -183.3)|(0.2, -0.5, -0.1, -0.8)
15.45415
OVRCameraRig|(-26.8, 40.7, -183.3)|(0.2, -0.5, -0.1, -0.8)
15.47415
OVRCameraRig|(-26.8, 40.7, -183.3)|(0.2, -0.5, -0.1, -0.8)
15.49415
OVRCameraRig|(-26.8, 40.7, -183.3)|(0.2, -0.5, -0.1, -0.8)
15.51415
OVRCameraRig|(-27.1, 40.7, -183.3)|(0.2, -0.5, -0.1, -0.8)
15.53415
OVRCameraRig|(-27.7, 40.7, -183.3)|(0.2, -0.5, -0.1, -0.8)
15.55415
OVRCameraRig|(-28.0, 40.7, -183.3)|(0.2, -0.5, -0.1, -0.8)
15.57415
OVRCameraRig|(-28.0, 40.7, -183.3)|(0.2, -0.5, -0.1, -0.8)
15.59415
OVRCameraRig|(-28.3, 40.7, -183.3)|(0.2, -0.5, -0.1, -0.8)
15.61415
OVRCameraRig|(-28.3, 40.7, -183.3)|(0.2, -0.5, -0.1, -0.8)
15.63415
OVRCameraRig|(-28.3, 40.7, -183.3)|(0.2, -0.5, -0.1, -0.8)
15.65415
OVRCameraRig|(-28.3, 40.7, -183.3)|(0.2, -0.5, -0.1, -0.8)
15.67415
OVRCameraRig|(-28.3, 40.7, -183.3)|(0.2, -0.5, -0.1, -0.8)
15.69415
OVRCameraRig|(-28.3, 40.7, -183.3)|(0.2, -0.5, -0.1, -0.8)
15.71415
OVRCameraRig|(-28.3, 40.7, -183.3)|(0.2, -0.5, -0.1, -0.8)
15.73415
OVRCameraRig|(-28.3, 40.7, -183.3)|(0.2, -0.5, -0.1, -0.8)
15.75415
OVRCameraRig|(-28.3, 40.7, -183.3)|(0.2, -0.5, -0.1, -0.8)
15.77415
OVRCameraRig|(-28.3, 40.7, -183.3)|(0.2, -0.5, -0.1, -0.8)
15.79415
OVRCameraRig|(-28.3, 40.7, -183.3)|(0.2, -0.5, -0.1, -0.8)
15.81415
OVRCameraRig|(-28.3, 40.7, -183.3)|(0.2, -0.5, -0.1, -0.8)
15.83415
OVRCameraRig|(-28.3, 40.7, -183.3)|(0.2, -0.5, -0.1, -0.8)
15.85415
OVRCameraRig|(-28.3, 40.7, -183.3)|(0.2, -0.5, -0.1, -0.8)
15.87415
OVRCameraRig|(-28.3, 40.7, -183.3)|(0.2, -0.5, -0.1, -0.8)
15.89415
OVRCameraRig|(-28.3, 40.7, -183.3)|(0.2, -0.5, -0.1, -0.8)
15.91415
OVRCameraRig|(-28.3, 40.7, -183.3)|(0.2, -0.5, -0.1, -0.8)
15.93415
OVRCameraRig|(-28.3, 40.7, -183.3)|(0.2, -0.5, -0.1, -0.8)
15.95415
OVRCameraRig|(-28.3, 40.7, -183.3)|(0.2, -0.5, -0.1, -0.8)
15.97415
OVRCameraRig|(-28.3, 40.7, -183.3)|(0.2, -0.5, -0.1, -0.8)
15.99415
OVRCameraRig|(-28.3, 40.7, -183.3)|(0.2, -0.5, -0.1, -0.8)
16.01415
OVRCameraRig|(-28.3, 40.7, -183.3)|(0.2, -0.5, -0.1, -0.8)
16.03415
OVRCameraRig|(-28.3, 40.7, -183.3)|(0.2, -0.5, -0.1, -0.8)
16.05415
OVRCameraRig|(-28.3, 40.7, -183.3)|(0.2, -0.5, -0.1, -0.8)
16.07415
OVRCameraRig|(-28.3, 40.7, -183.3)|(0.2, -0.5, -0.1, -0.8)
16.09415
OVRCameraRig|(-28.3, 40.7, -183.3)|(0.2, -0.5, -0.1, -0.8)
16.11415
OVRCameraRig|(-28.3, 40.7, -183.3)|(0.2, -0.5, -0.1, -0.8)
16.13415
OVRCameraRig|(-28.3, 40.7, -183.3)|(0.2, -0.5, -0.1, -0.8)
16.15415
OVRCameraRig|(-28.3, 40.7, -183.3)|(0.2, -0.5, -0.1, -0.8)
16.17415
OVRCameraRig|(-28.3, 40.7, -183.3)|(0.2, -0.5, -0.1, -0.8)
16.19415
OVRCameraRig|(-28.3, 40.7, -183.3)|(0.2, -0.5, -0.1, -0.8)
16.21415
OVRCameraRig|(-28.3, 40.7, -183.3)|(0.2, -0.5, -0.1, -0.8)
16.23415
OVRCameraRig|(-28.3, 40.7, -183.3)|(0.2, -0.5, -0.1, -0.8)
16.25415
OVRCameraRig|(-28.3, 40.7, -183.3)|(0.2, -0.5, -0.1, -0.8)
16.27415
OVRCameraRig|(-28.3, 40.7, -183.3)|(0.2, -0.5, -0.1, -0.8)
16.29415
OVRCameraRig|(-28.3, 40.7, -183.3)|(0.2, -0.5, -0.1, -0.8)
16.31415
OVRCameraRig|(-28.3, 40.7, -183.3)|(0.2, -0.5, -0.1, -0.8)
16.33415
OVRCameraRig|(-28.3, 40.7, -183.3)|(0.2, -0.5, -0.1, -0.8)
16.35415
OVRCameraRig|(-28.3, 40.7, -183.3)|(0.2, -0.5, -0.1, -0.8)
16.37415
OVRCameraRig|(-28.3, 40.7, -183.3)|(0.2, -0.5, -0.1, -0.8)
16.39415
OVRCameraRig|(-28.3, 40.7, -183.3)|(0.2, -0.5, -0.1, -0.8)
16.41415
OVRCameraRig|(-28.3, 40.7, -183.3)|(0.2, -0.5, -0.1, -0.8)
16.43415
OVRCameraRig|(-28.3, 40.7, -183.3)|(0.2, -0.5, -0.1, -0.8)
16.45415
OVRCameraRig|(-28.3, 40.7, -183.3)|(0.2, -0.5, -0.1, -0.8)
16.47415
OVRCameraRig|(-28.3, 40.7, -183.3)|(0.2, -0.5, -0.1, -0.8)
16.49415
OVRCameraRig|(-28.3, 40.7, -183.3)|(0.2, -0.5, -0.1, -0.8)
16.51415
OVRCameraRig|(-28.3, 40.7, -183.3)|(0.2, -0.5, -0.1, -0.8)
16.53415
OVRCameraRig|(-28.3, 40.7, -183.3)|(0.2, -0.5, -0.1, -0.8)
16.55415
OVRCameraRig|(-28.3, 40.7, -183.3)|(0.2, -0.5, -0.1, -0.8)
16.57415
OVRCameraRig|(-28.3, 40.7, -183.3)|(0.2, -0.5, -0.1, -0.8)
16.59415
OVRCameraRig|(-28.3, 40.7, -183.3)|(0.2, -0.5, -0.1, -0.8)
16.61415
OVRCameraRig|(-28.3, 40.7, -183.3)|(0.2, -0.5, -0.1, -0.8)
16.63415
OVRCameraRig|(-28.3, 40.7, -183.3)|(0.2, -0.5, -0.1, -0.8)
16.65415
OVRCameraRig|(-28.3, 40.7, -183.3)|(0.2, -0.5, -0.1, -0.8)
16.67415
OVRCameraRig|(-28.3, 40.7, -183.3)|(0.2, -0.5, -0.1, -0.8)
16.69415
OVRCameraRig|(-28.3, 40.7, -183.3)|(0.2, -0.5, -0.1, -0.8)
16.71415
OVRCameraRig|(-28.3, 40.7, -183.3)|(0.2, -0.5, -0.1, -0.8)
16.73415
OVRCameraRig|(-28.3, 40.7, -183.3)|(0.2, -0.5, -0.1, -0.8)
16.75415
OVRCameraRig|(-28.3, 40.7, -183.3)|(0.2, -0.5, -0.1, -0.8)
16.77415
OVRCameraRig|(-28.3, 40.7, -183.3)|(0.2, -0.5, -0.1, -0.8)
16.79415
OVRCameraRig|(-28.3, 40.7, -183.3)|(0.2, -0.5, -0.1, -0.8)
16.81415
OVRCameraRig|(-28.3, 40.7, -183.3)|(0.2, -0.5, -0.1, -0.8)
16.83415
OVRCameraRig|(-28.3, 40.7, -183.3)|(0.2, -0.5, -0.1, -0.8)
16.85415
OVRCameraRig|(-28.3, 40.7, -183.3)|(0.2, -0.5, -0.1, -0.8)
16.87415
OVRCameraRig|(-28.3, 40.7, -183.3)|(0.2, -0.5, -0.1, -0.8)
16.89415
OVRCameraRig|(-28.3, 40.7, -183.3)|(0.2, -0.5, -0.1, -0.8)
16.91415
OVRCameraRig|(-28.3, 40.7, -183.3)|(0.2, -0.5, -0.1, -0.8)
16.93415
OVRCameraRig|(-28.3, 40.7, -183.3)|(0.2, -0.5, -0.1, -0.8)
16.95415
OVRCameraRig|(-28.3, 40.7, -183.3)|(0.2, -0.5, -0.1, -0.8)
16.97415
OVRCameraRig|(-28.3, 40.7, -183.3)|(0.2, -0.5, -0.1, -0.8)
16.99415
OVRCameraRig|(-28.3, 40.7, -183.3)|(0.2, -0.5, -0.1, -0.8)
17.01415
OVRCameraRig|(-28.3, 40.7, -183.3)|(0.2, -0.5, -0.1, -0.8)
17.03415
OVRCameraRig|(-28.3, 40.7, -183.3)|(0.2, -0.5, -0.1, -0.8)
17.05415
OVRCameraRig|(-28.3, 40.7, -183.3)|(0.2, -0.5, -0.1, -0.8)
17.07415
OVRCameraRig|(-28.3, 40.7, -183.3)|(0.2, -0.5, -0.1, -0.8)
17.09415
OVRCameraRig|(-28.3, 40.7, -183.3)|(0.2, -0.5, -0.1, -0.8)
17.11415
OVRCameraRig|(-28.3, 40.7, -183.3)|(0.2, -0.5, -0.1, -0.8)
17.13415
OVRCameraRig|(-28.3, 40.7, -183.3)|(0.2, -0.5, -0.1, -0.8)
17.15415
OVRCameraRig|(-28.3, 40.7, -183.3)|(0.2, -0.5, -0.1, -0.8)
17.17415
OVRCameraRig|(-28.3, 40.7, -183.3)|(0.2, -0.5, -0.1, -0.8)
17.19415
OVRCameraRig|(-28.3, 40.7, -183.3)|(0.2, -0.5, -0.1, -0.8)
17.21415
OVRCameraRig|(-28.3, 40.7, -183.3)|(0.2, -0.5, -0.1, -0.8)
17.23415
OVRCameraRig|(-28.3, 40.7, -183.3)|(0.2, -0.5, -0.1, -0.8)
17.25415
OVRCameraRig|(-28.3, 40.7, -183.3)|(0.2, -0.5, -0.1, -0.8)
17.27415
OVRCameraRig|(-28.3, 40.7, -183.3)|(0.2, -0.5, -0.1, -0.8)
17.29415
OVRCameraRig|(-28.3, 40.7, -183.3)|(0.2, -0.5, -0.1, -0.8)
17.31415
OVRCameraRig|(-28.3, 40.7, -183.3)|(0.2, -0.5, -0.1, -0.8)
17.33415
OVRCameraRig|(-28.3, 40.7, -183.3)|(0.2, -0.5, -0.1, -0.8)
17.35415
OVRCameraRig|(-28.3, 40.7, -183.3)|(0.2, -0.5, -0.1, -0.8)
17.37415
OVRCameraRig|(-28.3, 40.7, -183.3)|(0.2, -0.5, -0.1, -0.8)
17.39415
OVRCameraRig|(-28.3, 40.7, -183.3)|(0.2, -0.5, -0.1, -0.8)
17.41415
OVRCameraRig|(-28.3, 40.7, -183.3)|(0.2, -0.5, -0.1, -0.8)
17.43415
OVRCameraRig|(-28.3, 40.7, -183.3)|(0.2, -0.5, -0.1, -0.8)
17.45415
OVRCameraRig|(-28.3, 40.7, -183.3)|(0.2, -0.5, -0.1, -0.8)
17.47415
OVRCameraRig|(-28.3, 40.7, -183.3)|(0.2, -0.5, -0.1, -0.8)
17.49415
OVRCameraRig|(-28.3, 40.7, -183.3)|(0.2, -0.5, -0.1, -0.8)
17.51415
OVRCameraRig|(-28.3, 40.7, -183.3)|(0.2, -0.5, -0.1, -0.8)
17.53415
OVRCameraRig|(-28.3, 40.7, -183.3)|(0.2, -0.5, -0.1, -0.8)
17.55415
OVRCameraRig|(-28.3, 40.7, -183.3)|(0.2, -0.5, -0.1, -0.8)
17.57415
OVRCameraRig|(-28.3, 40.7, -183.3)|(0.2, -0.5, -0.1, -0.8)
17.59415
OVRCameraRig|(-28.3, 40.7, -183.3)|(0.2, -0.5, -0.1, -0.8)
17.61415
OVRCameraRig|(-28.3, 40.7, -183.3)|(0.2, -0.5, -0.1, -0.8)
17.63415
OVRCameraRig|(-28.3, 40.7, -183.3)|(0.2, -0.5, -0.1, -0.8)
17.65415
OVRCameraRig|(-28.3, 40.7, -183.3)|(0.2, -0.5, -0.1, -0.8)
17.67415
OVRCameraRig|(-28.3, 40.7, -183.3)|(0.2, -0.5, -0.1, -0.8)
17.69415
OVRCameraRig|(-28.3, 40.7, -183.3)|(0.2, -0.5, -0.1, -0.8)
17.71415
OVRCameraRig|(-28.3, 40.7, -183.3)|(0.2, -0.5, -0.1, -0.8)
17.73415
OVRCameraRig|(-28.3, 40.7, -183.3)|(0.2, -0.5, -0.1, -0.8)
17.75415
OVRCameraRig|(-28.3, 40.7, -183.3)|(0.2, -0.5, -0.1, -0.8)
17.77415
OVRCameraRig|(-28.3, 40.7, -183.3)|(0.2, -0.5, -0.1, -0.8)
17.79415
OVRCameraRig|(-28.3, 40.7, -183.3)|(0.2, -0.5, -0.1, -0.8)
17.81415
OVRCameraRig|(-28.3, 40.7, -183.3)|(0.2, -0.5, -0.1, -0.8)
17.83415
OVRCameraRig|(-28.3, 40.7, -183.3)|(0.2, -0.5, -0.1, -0.8)
17.85415
OVRCameraRig|(-28.3, 40.7, -183.3)|(0.2, -0.5, -0.1, -0.8)
17.87415
OVRCameraRig|(-28.3, 40.7, -183.3)|(0.2, -0.5, -0.1, -0.8)
17.89415
OVRCameraRig|(-28.3, 40.7, -183.3)|(0.2, -0.5, -0.1, -0.8)
17.91415
OVRCameraRig|(-28.3, 40.7, -183.3)|(0.2, -0.5, -0.1, -0.8)
17.93415
OVRCameraRig|(-28.3, 40.7, -183.3)|(0.2, -0.5, -0.1, -0.8)
17.95415
OVRCameraRig|(-28.3, 40.7, -183.3)|(0.2, -0.5, -0.1, -0.8)
17.97415
OVRCameraRig|(-28.3, 40.7, -183.3)|(0.2, -0.5, -0.1, -0.8)
17.99415
OVRCameraRig|(-28.3, 40.7, -183.3)|(0.2, -0.5, -0.1, -0.8)
18.01415
OVRCameraRig|(-28.3, 40.7, -183.3)|(0.2, -0.5, -0.1, -0.8)
18.03415
OVRCameraRig|(-28.3, 40.7, -183.3)|(0.2, -0.5, -0.1, -0.8)
18.05415
OVRCameraRig|(-28.3, 40.7, -183.3)|(0.2, -0.5, -0.1, -0.8)
18.07415
OVRCameraRig|(-28.3, 40.7, -183.3)|(0.2, -0.5, -0.1, -0.8)
18.09415
OVRCameraRig|(-28.3, 40.7, -183.3)|(0.2, -0.5, -0.1, -0.8)
18.11415
OVRCameraRig|(-28.3, 40.7, -183.3)|(0.2, -0.5, -0.1, -0.8)
18.13415
OVRCameraRig|(-28.3, 40.7, -183.3)|(0.2, -0.5, -0.1, -0.8)
18.15415
OVRCameraRig|(-28.3, 40.7, -183.3)|(0.2, -0.5, -0.1, -0.8)
18.17415
OVRCameraRig|(-28.3, 40.7, -183.3)|(0.2, -0.5, -0.1, -0.8)
18.19415
OVRCameraRig|(-28.3, 40.7, -183.3)|(0.2, -0.5, -0.1, -0.8)
18.21415
OVRCameraRig|(-28.3, 40.7, -183.3)|(0.2, -0.5, -0.1, -0.8)
18.23415
OVRCameraRig|(-28.3, 40.7, -183.3)|(0.2, -0.5, -0.1, -0.8)
18.25415
OVRCameraRig|(-28.3, 40.7, -183.3)|(0.2, -0.5, -0.1, -0.8)
18.27415
OVRCameraRig|(-28.3, 40.7, -183.3)|(0.2, -0.5, -0.1, -0.8)
18.29415
OVRCameraRig|(-28.3, 40.7, -183.3)|(0.2, -0.5, -0.1, -0.8)
18.31415
OVRCameraRig|(-28.3, 40.7, -183.3)|(0.2, -0.5, -0.1, -0.8)
18.33415
OVRCameraRig|(-28.3, 40.7, -183.3)|(0.2, -0.5, -0.1, -0.8)
18.35415
OVRCameraRig|(-28.3, 40.7, -183.3)|(0.2, -0.5, -0.1, -0.8)
18.37415
OVRCameraRig|(-28.3, 40.7, -183.3)|(0.2, -0.5, -0.1, -0.8)
18.39415
OVRCameraRig|(-28.3, 40.7, -183.3)|(0.2, -0.5, -0.1, -0.8)
18.41415
OVRCameraRig|(-28.3, 40.7, -183.3)|(0.2, -0.5, -0.1, -0.8)
18.43415
OVRCameraRig|(-28.3, 40.7, -183.3)|(0.2, -0.5, -0.1, -0.8)
18.45415
OVRCameraRig|(-28.3, 40.7, -183.3)|(0.2, -0.5, -0.1, -0.8)
18.47415
OVRCameraRig|(-28.3, 40.7, -183.3)|(0.2, -0.5, -0.1, -0.8)
18.49415
OVRCameraRig|(-28.3, 40.7, -183.3)|(0.2, -0.5, -0.1, -0.8)
18.51415
OVRCameraRig|(-28.3, 40.7, -183.3)|(0.2, -0.5, -0.1, -0.8)
18.53415
OVRCameraRig|(-28.3, 40.7, -183.3)|(0.2, -0.5, -0.1, -0.8)
18.55415
OVRCameraRig|(-28.3, 40.7, -183.3)|(0.2, -0.5, -0.1, -0.8)
18.57415
OVRCameraRig|(-28.3, 40.7, -183.3)|(0.2, -0.5, -0.1, -0.8)
18.59415
OVRCameraRig|(-27.1, 40.7, -183.3)|(0.2, -0.5, -0.1, -0.8)
18.61415
OVRCameraRig|(-26.6, 40.7, -183.3)|(0.2, -0.5, -0.1, -0.8)
18.63415
OVRCameraRig|(-26.6, 40.7, -183.3)|(0.2, -0.5, -0.1, -0.8)
18.65415
OVRCameraRig|(-26.6, 40.7, -183.3)|(0.2, -0.5, -0.1, -0.8)
18.67415
OVRCameraRig|(-26.6, 40.7, -183.3)|(0.2, -0.5, -0.1, -0.8)
18.69415
OVRCameraRig|(-26.6, 40.7, -183.3)|(0.2, -0.5, -0.1, -0.8)
18.71415
OVRCameraRig|(-26.6, 40.7, -183.3)|(0.2, -0.5, -0.1, -0.8)
18.73415
OVRCameraRig|(-26.6, 40.7, -183.3)|(0.2, -0.5, -0.1, -0.8)
18.75415
OVRCameraRig|(-26.6, 40.7, -183.3)|(0.2, -0.5, -0.1, -0.8)
18.77415
OVRCameraRig|(-26.1, 40.7, -183.3)|(0.2, -0.5, -0.1, -0.8)
18.79415
OVRCameraRig|(-26.1, 40.7, -183.3)|(0.2, -0.5, -0.1, -0.8)
18.81415
OVRCameraRig|(-26.1, 40.7, -183.3)|(0.2, -0.5, -0.1, -0.8)
18.83415
OVRCameraRig|(-26.1, 40.7, -183.3)|(0.2, -0.5, -0.1, -0.8)
18.85415
OVRCameraRig|(-26.1, 40.7, -183.3)|(0.2, -0.5, -0.1, -0.8)
18.87415
OVRCameraRig|(-26.1, 40.7, -183.3)|(0.2, -0.5, -0.1, -0.8)
18.89415
OVRCameraRig|(-26.1, 40.7, -183.3)|(0.2, -0.5, -0.1, -0.8)
18.91415
OVRCameraRig|(-26.1, 40.7, -183.3)|(0.2, -0.5, -0.1, -0.8)
18.93415
OVRCameraRig|(-26.1, 40.7, -183.3)|(0.2, -0.5, -0.1, -0.8)
18.95415
OVRCameraRig|(-26.1, 40.7, -183.3)|(0.2, -0.5, -0.1, -0.8)
18.97415
OVRCameraRig|(-26.1, 40.7, -183.3)|(0.2, -0.5, -0.1, -0.8)
18.99415
OVRCameraRig|(-26.1, 40.7, -183.3)|(0.2, -0.5, -0.1, -0.8)
19.01415
OVRCameraRig|(-26.1, 40.7, -183.3)|(0.2, -0.5, -0.1, -0.8)
19.03415
OVRCameraRig|(-26.1, 40.7, -183.3)|(0.2, -0.5, -0.1, -0.8)
19.05415
OVRCameraRig|(-26.1, 40.7, -183.3)|(0.2, -0.5, -0.1, -0.8)
19.07415
OVRCameraRig|(-26.1, 40.7, -183.3)|(0.2, -0.5, -0.1, -0.8)
19.09415
OVRCameraRig|(-26.1, 40.7, -183.3)|(0.2, -0.5, -0.1, -0.8)
19.11415
OVRCameraRig|(-26.1, 40.7, -183.3)|(0.2, -0.5, -0.1, -0.8)
19.13415
OVRCameraRig|(-26.1, 40.7, -183.3)|(0.2, -0.5, -0.1, -0.8)
19.15415
OVRCameraRig|(-26.1, 40.7, -183.3)|(0.2, -0.5, -0.1, -0.8)
19.17415
OVRCameraRig|(-26.1, 40.7, -183.3)|(0.2, -0.5, -0.1, -0.8)
19.19415
OVRCameraRig|(-26.1, 40.7, -183.3)|(0.2, -0.5, -0.1, -0.8)
19.21415
OVRCameraRig|(-26.1, 40.7, -183.3)|(0.2, -0.5, -0.1, -0.8)
19.23415
OVRCameraRig|(-26.1, 40.7, -183.3)|(0.2, -0.5, -0.1, -0.8)
19.25415
OVRCameraRig|(-26.1, 40.7, -183.3)|(0.2, -0.5, -0.1, -0.8)
19.27415
OVRCameraRig|(-26.1, 40.7, -183.3)|(0.2, -0.5, -0.1, -0.8)
19.29415
OVRCameraRig|(-26.1, 40.7, -183.3)|(0.2, -0.5, -0.1, -0.8)
19.31415
OVRCameraRig|(-26.1, 40.7, -183.3)|(0.2, -0.5, -0.1, -0.8)
19.33415
OVRCameraRig|(-26.1, 40.7, -183.3)|(0.2, -0.5, -0.1, -0.8)
19.35415
OVRCameraRig|(-26.1, 40.7, -183.3)|(0.2, -0.5, -0.1, -0.8)
19.37415
OVRCameraRig|(-26.1, 40.7, -183.3)|(0.2, -0.5, -0.1, -0.8)
19.39415
OVRCameraRig|(-26.1, 40.7, -183.3)|(0.2, -0.5, -0.1, -0.8)
19.41415
OVRCameraRig|(-26.1, 40.7, -183.3)|(0.2, -0.5, -0.1, -0.8)
19.43415
OVRCameraRig|(-26.1, 40.7, -183.3)|(0.2, -0.5, -0.1, -0.8)
19.45415
OVRCameraRig|(-26.1, 40.7, -183.3)|(0.2, -0.5, -0.1, -0.8)
19.47415
OVRCameraRig|(-26.1, 40.7, -183.3)|(0.2, -0.5, -0.1, -0.8)
19.49415
OVRCameraRig|(-26.1, 40.7, -183.3)|(0.2, -0.5, -0.1, -0.8)
19.51415
OVRCameraRig|(-26.1, 40.7, -183.3)|(0.2, -0.5, -0.1, -0.8)
19.53415
OVRCameraRig|(-26.1, 40.7, -183.3)|(0.2, -0.5, -0.1, -0.8)
19.55415
OVRCameraRig|(-26.1, 40.7, -183.3)|(0.2, -0.5, -0.1, -0.8)
19.57415
OVRCameraRig|(-26.1, 40.7, -183.3)|(0.2, -0.5, -0.1, -0.8)
19.59415
OVRCameraRig|(-26.1, 40.7, -183.3)|(0.2, -0.5, -0.1, -0.8)
19.61415
OVRCameraRig|(-26.1, 40.7, -183.3)|(0.2, -0.5, -0.1, -0.8)
19.63415
OVRCameraRig|(-26.1, 40.7, -183.3)|(0.2, -0.5, -0.1, -0.8)
19.65415
OVRCameraRig|(-26.1, 40.7, -183.3)|(0.2, -0.5, -0.1, -0.8)
19.67415
OVRCameraRig|(-26.1, 40.7, -183.3)|(0.2, -0.5, -0.1, -0.8)
19.69415
OVRCameraRig|(-26.1, 40.7, -183.3)|(0.2, -0.5, -0.1, -0.8)
19.71415
OVRCameraRig|(-26.1, 40.7, -183.3)|(0.2, -0.5, -0.1, -0.8)
19.73415
OVRCameraRig|(-26.1, 40.7, -183.3)|(0.2, -0.5, -0.1, -0.8)
19.75415
OVRCameraRig|(-26.1, 40.7, -183.3)|(0.2, -0.5, -0.1, -0.8)
19.77415
OVRCameraRig|(-26.1, 40.7, -183.3)|(0.2, -0.5, -0.1, -0.8)
19.79415
OVRCameraRig|(-26.1, 40.7, -183.3)|(0.2, -0.5, -0.1, -0.8)
19.81415
OVRCameraRig|(-26.1, 40.7, -183.3)|(0.2, -0.5, -0.1, -0.8)
19.83415
OVRCameraRig|(-26.1, 40.7, -183.3)|(0.2, -0.5, -0.1, -0.8)
19.85415
OVRCameraRig|(-26.1, 40.7, -183.3)|(0.2, -0.5, -0.1, -0.8)
19.87415
OVRCameraRig|(-26.1, 40.7, -183.3)|(0.2, -0.5, -0.1, -0.8)
19.89415
OVRCameraRig|(-26.1, 40.7, -183.3)|(0.2, -0.5, -0.1, -0.8)
19.91415
OVRCameraRig|(-26.1, 40.7, -183.3)|(0.2, -0.5, -0.1, -0.8)
19.93415
OVRCameraRig|(-26.1, 40.7, -183.3)|(0.2, -0.5, -0.1, -0.8)
19.95415
OVRCameraRig|(-26.1, 40.7, -183.3)|(0.2, -0.5, -0.1, -0.8)
19.97415
OVRCameraRig|(-26.1, 40.7, -183.3)|(0.2, -0.5, -0.1, -0.8)
19.99415
OVRCameraRig|(-26.1, 40.7, -183.3)|(0.2, -0.5, -0.1, -0.8)
20.01415
OVRCameraRig|(-26.1, 40.7, -183.3)|(0.2, -0.5, -0.1, -0.8)
20.03415
OVRCameraRig|(-26.1, 40.7, -183.3)|(0.2, -0.5, -0.1, -0.8)
20.05415
OVRCameraRig|(-26.1, 40.7, -183.3)|(0.2, -0.5, -0.1, -0.8)
20.07415
OVRCameraRig|(-26.1, 40.7, -183.3)|(0.2, -0.5, -0.1, -0.8)
20.09415
OVRCameraRig|(-26.1, 40.7, -183.3)|(0.2, -0.5, -0.1, -0.8)
20.11415
OVRCameraRig|(-26.1, 40.7, -183.3)|(0.2, -0.5, -0.1, -0.8)
20.13415
OVRCameraRig|(-26.1, 40.7, -183.3)|(0.2, -0.5, -0.1, -0.8)
20.15415
OVRCameraRig|(-26.1, 40.7, -183.3)|(0.2, -0.5, -0.1, -0.8)
20.17415
OVRCameraRig|(-26.1, 40.7, -183.3)|(0.2, -0.5, -0.1, -0.8)
20.19415
OVRCameraRig|(-26.1, 40.7, -183.3)|(0.2, -0.5, -0.1, -0.8)
20.21415
OVRCameraRig|(-26.1, 40.7, -183.3)|(0.2, -0.5, -0.1, -0.8)
20.23415
OVRCameraRig|(-26.1, 40.7, -183.3)|(0.2, -0.5, -0.1, -0.8)
20.25415
OVRCameraRig|(-26.1, 40.7, -183.3)|(0.2, -0.5, -0.1, -0.8)
20.27415
OVRCameraRig|(-26.1, 40.7, -183.3)|(0.2, -0.5, -0.1, -0.8)
20.29415
OVRCameraRig|(-26.1, 40.7, -183.3)|(0.2, -0.5, -0.1, -0.8)
20.31415
OVRCameraRig|(-26.1, 40.7, -183.3)|(0.2, -0.5, -0.1, -0.8)
20.33415
OVRCameraRig|(-26.1, 40.7, -183.3)|(0.2, -0.5, -0.1, -0.8)
20.35415
OVRCameraRig|(-26.1, 40.7, -183.3)|(0.2, -0.5, -0.1, -0.8)
20.37415
OVRCameraRig|(-26.1, 40.7, -183.3)|(0.2, -0.5, -0.1, -0.8)
20.39415
OVRCameraRig|(-26.1, 40.7, -183.3)|(0.2, -0.5, -0.1, -0.8)
20.41415
OVRCameraRig|(-26.1, 40.7, -183.3)|(0.2, -0.5, -0.1, -0.8)
20.43415
OVRCameraRig|(-26.1, 40.7, -183.3)|(0.2, -0.5, -0.1, -0.8)
20.45415
OVRCameraRig|(-26.1, 40.7, -183.3)|(0.2, -0.5, -0.1, -0.8)
20.47415
OVRCameraRig|(-26.1, 40.7, -183.3)|(0.2, -0.5, -0.1, -0.8)
20.49415
OVRCameraRig|(-26.1, 40.7, -183.3)|(0.2, -0.5, -0.1, -0.8)
20.51415
OVRCameraRig|(-26.1, 40.7, -183.3)|(0.2, -0.5, -0.1, -0.8)
20.53415
OVRCameraRig|(-26.1, 40.7, -183.3)|(0.2, -0.5, -0.1, -0.8)
20.55415
OVRCameraRig|(-26.1, 40.7, -183.3)|(0.2, -0.5, -0.1, -0.8)
20.57415
OVRCameraRig|(-26.1, 40.7, -183.3)|(0.2, -0.5, -0.1, -0.8)
20.59415
OVRCameraRig|(-26.1, 40.7, -183.3)|(0.2, -0.5, -0.1, -0.8)
20.61415
OVRCameraRig|(-26.1, 40.7, -183.3)|(0.2, -0.5, -0.1, -0.8)
20.63415
OVRCameraRig|(-26.1, 40.7, -183.3)|(0.2, -0.5, -0.1, -0.8)
20.65415
OVRCameraRig|(-26.1, 40.7, -183.3)|(0.2, -0.5, -0.1, -0.8)
20.67415
OVRCameraRig|(-26.1, 40.7, -183.3)|(0.2, -0.5, -0.1, -0.8)
20.69415
OVRCameraRig|(-26.1, 40.7, -183.3)|(0.2, -0.5, -0.1, -0.8)
20.71415
OVRCameraRig|(-26.1, 40.7, -183.3)|(0.2, -0.5, -0.1, -0.8)
20.73415
OVRCameraRig|(-26.1, 40.7, -183.3)|(0.2, -0.5, -0.1, -0.8)
20.75415
OVRCameraRig|(-26.1, 40.7, -183.3)|(0.2, -0.5, -0.1, -0.8)
20.77415
OVRCameraRig|(-26.1, 40.7, -183.3)|(0.2, -0.5, -0.1, -0.8)
20.79415
OVRCameraRig|(-26.1, 40.7, -183.3)|(0.2, -0.5, -0.1, -0.8)
20.81415
OVRCameraRig|(-26.1, 40.7, -183.3)|(0.2, -0.5, -0.1, -0.8)
20.83415
OVRCameraRig|(-26.1, 40.7, -183.3)|(0.2, -0.5, -0.1, -0.8)
20.85415
OVRCameraRig|(-26.1, 40.7, -183.3)|(0.2, -0.5, -0.1, -0.8)
20.87415
OVRCameraRig|(-26.1, 40.7, -183.3)|(0.2, -0.5, -0.1, -0.8)
20.89415
OVRCameraRig|(-26.1, 40.7, -183.3)|(0.2, -0.5, -0.1, -0.8)
20.91415
OVRCameraRig|(-26.1, 40.7, -183.3)|(0.2, -0.5, -0.1, -0.8)
20.93415
OVRCameraRig|(-26.1, 40.7, -183.3)|(0.2, -0.5, -0.1, -0.8)
20.95415
OVRCameraRig|(-26.1, 40.7, -183.3)|(0.2, -0.5, -0.1, -0.8)
20.97415
OVRCameraRig|(-26.1, 40.7, -183.3)|(0.2, -0.5, -0.1, -0.8)
20.99415
OVRCameraRig|(-26.1, 40.7, -183.3)|(0.1, -0.5, -0.1, -0.8)
21.01415
OVRCameraRig|(-26.1, 40.7, -183.3)|(0.1, -0.5, -0.1, -0.8)
21.03415
OVRCameraRig|(-26.1, 40.7, -183.3)|(0.1, -0.5, -0.1, -0.8)
21.05415
OVRCameraRig|(-26.1, 40.7, -183.3)|(0.1, -0.5, -0.1, -0.8)
21.07415
OVRCameraRig|(-26.1, 40.7, -183.3)|(0.1, -0.5, -0.1, -0.8)
21.09415
OVRCameraRig|(-26.1, 40.7, -183.3)|(0.1, -0.5, -0.1, -0.8)
21.11415
OVRCameraRig|(-26.1, 40.7, -183.3)|(0.1, -0.5, -0.1, -0.8)
21.13415
OVRCameraRig|(-26.1, 40.7, -183.3)|(0.1, -0.5, -0.1, -0.8)
21.15415
OVRCameraRig|(-26.1, 40.7, -183.3)|(0.1, -0.5, -0.1, -0.8)
21.17415
OVRCameraRig|(-26.1, 40.7, -183.3)|(0.1, -0.5, -0.1, -0.8)
21.19415
OVRCameraRig|(-26.1, 40.7, -183.3)|(0.1, -0.5, -0.1, -0.8)
21.21415
OVRCameraRig|(-26.1, 40.7, -183.3)|(0.1, -0.5, -0.1, -0.8)
21.23415
OVRCameraRig|(-26.1, 40.7, -183.3)|(0.1, -0.5, -0.1, -0.8)
21.25415
OVRCameraRig|(-26.1, 40.7, -183.3)|(0.1, -0.5, -0.1, -0.8)
21.27415
OVRCameraRig|(-26.1, 40.7, -183.3)|(0.1, -0.5, -0.1, -0.8)
21.29415
OVRCameraRig|(-26.1, 40.7, -183.3)|(0.1, -0.5, -0.1, -0.8)
21.31415
OVRCameraRig|(-26.1, 40.7, -183.3)|(0.1, -0.5, -0.1, -0.8)
21.33415
OVRCameraRig|(-26.1, 40.7, -183.3)|(0.1, -0.5, -0.1, -0.8)
21.35415
OVRCameraRig|(-26.1, 40.7, -183.3)|(0.1, -0.5, -0.1, -0.8)
21.37415
OVRCameraRig|(-26.1, 40.7, -183.3)|(0.1, -0.5, -0.1, -0.8)
21.39415
OVRCameraRig|(-26.1, 40.7, -183.3)|(0.1, -0.5, -0.1, -0.8)
21.41415
OVRCameraRig|(-26.1, 40.7, -183.3)|(0.1, -0.5, -0.1, -0.8)
21.43415
OVRCameraRig|(-26.1, 40.7, -183.3)|(0.1, -0.5, -0.1, -0.8)
21.45415
OVRCameraRig|(-26.1, 40.7, -183.3)|(0.1, -0.5, -0.1, -0.8)
21.47415
OVRCameraRig|(-26.1, 40.7, -183.3)|(0.1, -0.5, -0.1, -0.8)
21.49415
OVRCameraRig|(-26.1, 40.7, -183.3)|(0.1, -0.5, -0.1, -0.8)
21.51415
OVRCameraRig|(-26.1, 40.7, -183.3)|(0.1, -0.5, -0.1, -0.8)
21.53415
OVRCameraRig|(-26.1, 40.7, -183.3)|(0.1, -0.5, -0.1, -0.8)
21.55415
OVRCameraRig|(-26.1, 40.7, -183.3)|(0.1, -0.5, -0.1, -0.8)
21.57415
OVRCameraRig|(-26.1, 40.7, -183.3)|(0.1, -0.5, -0.1, -0.8)
21.59415
OVRCameraRig|(-26.1, 40.7, -183.3)|(0.1, -0.5, -0.1, -0.8)
21.61415
OVRCameraRig|(-26.1, 40.7, -183.3)|(0.1, -0.5, -0.1, -0.8)
21.63415
OVRCameraRig|(-26.1, 40.7, -183.3)|(0.1, -0.5, -0.1, -0.8)
21.65415
OVRCameraRig|(-26.1, 40.7, -183.3)|(0.1, -0.5, -0.1, -0.8)
21.67415
OVRCameraRig|(-26.1, 40.7, -183.3)|(0.1, -0.5, -0.1, -0.8)
21.69415
OVRCameraRig|(-26.1, 40.7, -183.3)|(0.1, -0.5, -0.1, -0.8)
21.71415
OVRCameraRig|(-26.1, 40.7, -183.3)|(0.1, -0.5, -0.1, -0.8)
21.73415
OVRCameraRig|(-26.1, 40.7, -183.3)|(0.1, -0.5, -0.1, -0.8)
21.75415
OVRCameraRig|(-26.1, 40.7, -183.3)|(0.1, -0.5, -0.1, -0.8)
21.77415
OVRCameraRig|(-26.1, 40.7, -183.3)|(0.1, -0.5, -0.1, -0.8)
21.79415
OVRCameraRig|(-26.1, 40.7, -183.3)|(0.1, -0.5, -0.1, -0.8)
21.81415
OVRCameraRig|(-26.1, 40.7, -183.3)|(0.1, -0.5, -0.1, -0.8)
21.83415
OVRCameraRig|(-26.1, 40.7, -183.3)|(0.1, -0.5, -0.1, -0.8)
21.85415
OVRCameraRig|(-26.1, 40.7, -183.3)|(0.1, -0.5, -0.1, -0.8)
21.87415
OVRCameraRig|(-26.1, 40.7, -183.3)|(0.1, -0.5, -0.1, -0.8)
21.89415
OVRCameraRig|(-26.1, 40.7, -183.3)|(0.1, -0.5, -0.1, -0.8)
21.91415
OVRCameraRig|(-26.1, 40.7, -183.3)|(0.1, -0.5, -0.1, -0.8)
21.93415
OVRCameraRig|(-26.1, 40.7, -183.3)|(0.1, -0.5, -0.1, -0.8)
21.95415
OVRCameraRig|(-26.1, 40.7, -183.3)|(0.1, -0.5, -0.1, -0.8)
21.97415
OVRCameraRig|(-26.1, 40.7, -183.3)|(0.1, -0.5, -0.1, -0.8)
21.99415
OVRCameraRig|(-26.1, 40.7, -183.3)|(0.1, -0.5, -0.1, -0.8)
22.01415
OVRCameraRig|(-26.1, 40.7, -183.3)|(0.1, -0.5, -0.1, -0.8)
22.03415
OVRCameraRig|(-26.1, 40.7, -183.3)|(0.1, -0.5, -0.1, -0.8)
22.05415
OVRCameraRig|(-26.1, 40.7, -183.3)|(0.1, -0.5, -0.1, -0.8)
22.07415
OVRCameraRig|(-26.1, 40.7, -183.3)|(0.1, -0.5, -0.1, -0.8)
22.09415
OVRCameraRig|(-26.1, 40.7, -183.3)|(0.1, -0.5, -0.1, -0.8)
22.11415
OVRCameraRig|(-26.1, 40.7, -183.3)|(0.1, -0.5, -0.1, -0.8)
22.13415
OVRCameraRig|(-26.1, 40.7, -183.3)|(0.1, -0.5, -0.1, -0.8)
22.15415
OVRCameraRig|(-26.1, 40.7, -183.3)|(0.1, -0.5, -0.1, -0.8)
22.17415
OVRCameraRig|(-26.1, 40.7, -183.3)|(0.1, -0.5, -0.1, -0.8)
22.19415
OVRCameraRig|(-26.1, 40.7, -183.3)|(0.1, -0.5, -0.1, -0.8)
22.21415
OVRCameraRig|(-26.1, 40.7, -183.3)|(0.1, -0.5, -0.1, -0.8)
22.23415
OVRCameraRig|(-26.1, 40.7, -183.3)|(0.1, -0.5, -0.1, -0.8)
22.25415
OVRCameraRig|(-26.1, 40.7, -183.3)|(0.1, -0.5, -0.1, -0.8)
22.27415
OVRCameraRig|(-26.1, 40.7, -183.3)|(0.1, -0.5, -0.1, -0.8)
22.29415
OVRCameraRig|(-26.1, 40.7, -183.3)|(0.1, -0.5, -0.1, -0.8)
22.31415
OVRCameraRig|(-26.1, 40.7, -183.3)|(0.1, -0.5, -0.1, -0.8)
22.33415
OVRCameraRig|(-26.1, 40.7, -183.3)|(0.1, -0.5, -0.1, -0.8)
22.35415
OVRCameraRig|(-26.1, 40.7, -183.3)|(0.1, -0.5, -0.1, -0.8)
22.37415
OVRCameraRig|(-26.1, 40.7, -183.3)|(0.1, -0.5, -0.1, -0.8)
22.39415
OVRCameraRig|(-26.1, 40.7, -183.3)|(0.1, -0.5, -0.1, -0.8)
22.41415
OVRCameraRig|(-26.1, 40.7, -183.3)|(0.1, -0.5, -0.1, -0.8)
22.43415
OVRCameraRig|(-26.1, 40.7, -183.3)|(0.1, -0.5, -0.1, -0.8)
22.45415
OVRCameraRig|(-26.1, 40.7, -183.3)|(0.1, -0.5, -0.1, -0.8)
22.47415
OVRCameraRig|(-26.1, 40.7, -183.3)|(0.1, -0.5, -0.1, -0.8)
22.49415
OVRCameraRig|(-26.1, 40.7, -183.3)|(0.1, -0.5, -0.1, -0.8)
22.51415
OVRCameraRig|(-26.1, 40.7, -183.3)|(0.1, -0.5, -0.1, -0.8)
22.53415
OVRCameraRig|(-26.1, 40.7, -183.3)|(0.1, -0.5, -0.1, -0.8)
22.55415
OVRCameraRig|(-26.1, 40.7, -183.3)|(0.1, -0.5, -0.1, -0.8)
22.57415
OVRCameraRig|(-26.1, 40.7, -183.3)|(0.1, -0.5, -0.1, -0.8)
22.59415
OVRCameraRig|(-26.1, 40.7, -183.3)|(0.1, -0.5, -0.1, -0.8)
22.61415
OVRCameraRig|(-26.1, 40.7, -183.3)|(0.1, -0.5, -0.1, -0.8)
22.63415
OVRCameraRig|(-26.1, 40.7, -183.3)|(0.1, -0.5, -0.1, -0.8)
22.65415
OVRCameraRig|(-26.1, 40.7, -183.3)|(0.1, -0.5, -0.1, -0.8)
22.67415
OVRCameraRig|(-26.1, 40.7, -183.3)|(0.1, -0.5, -0.1, -0.8)
22.69415
OVRCameraRig|(-26.1, 40.7, -183.3)|(0.1, -0.5, -0.1, -0.8)
22.71415
OVRCameraRig|(-26.1, 40.7, -183.3)|(0.1, -0.5, -0.1, -0.8)
22.73415
OVRCameraRig|(-26.1, 40.7, -183.3)|(0.1, -0.5, -0.1, -0.8)
22.75415
OVRCameraRig|(-26.1, 40.7, -183.3)|(0.1, -0.5, -0.1, -0.8)
22.77415
OVRCameraRig|(-26.1, 40.7, -183.3)|(0.1, -0.5, -0.1, -0.8)
22.79415
OVRCameraRig|(-26.1, 40.7, -183.3)|(0.1, -0.5, -0.1, -0.8)
22.81415
OVRCameraRig|(-26.1, 40.7, -183.3)|(0.1, -0.5, -0.1, -0.8)
22.83415
OVRCameraRig|(-26.1, 40.7, -183.3)|(0.1, -0.5, -0.1, -0.8)
22.85415
OVRCameraRig|(-26.1, 40.7, -183.3)|(0.1, -0.5, -0.1, -0.8)
22.87415
OVRCameraRig|(-26.1, 40.7, -183.3)|(0.1, -0.5, -0.1, -0.8)
22.89415
OVRCameraRig|(-26.1, 40.7, -183.3)|(0.1, -0.5, -0.1, -0.8)
22.91415
OVRCameraRig|(-26.1, 40.7, -183.3)|(0.1, -0.5, -0.1, -0.8)
22.93415
OVRCameraRig|(-26.1, 40.7, -183.3)|(0.1, -0.5, -0.1, -0.8)
22.95415
OVRCameraRig|(-26.1, 40.7, -183.3)|(0.1, -0.5, -0.1, -0.8)
22.97415
OVRCameraRig|(-26.1, 40.7, -183.3)|(0.1, -0.5, -0.1, -0.8)
22.99415
OVRCameraRig|(-26.1, 40.7, -183.3)|(0.1, -0.5, -0.1, -0.8)
23.01415
OVRCameraRig|(-26.1, 40.7, -183.3)|(0.1, -0.5, -0.1, -0.8)
23.03415
OVRCameraRig|(-26.1, 40.7, -183.3)|(0.1, -0.5, -0.1, -0.8)
23.05415
OVRCameraRig|(-26.1, 40.7, -183.3)|(0.1, -0.5, -0.1, -0.8)
23.07415
OVRCameraRig|(-26.1, 40.7, -183.3)|(0.1, -0.5, -0.1, -0.8)
23.09415
OVRCameraRig|(-26.1, 40.7, -183.3)|(0.1, -0.5, -0.1, -0.8)
23.11415
OVRCameraRig|(-26.1, 40.7, -183.3)|(0.1, -0.5, -0.1, -0.8)
23.13415
OVRCameraRig|(-26.1, 40.7, -183.3)|(0.1, -0.5, -0.1, -0.8)
23.15415
OVRCameraRig|(-26.1, 40.7, -183.3)|(0.1, -0.5, -0.1, -0.8)
23.17415
OVRCameraRig|(-26.1, 40.7, -183.3)|(0.1, -0.5, -0.1, -0.8)
23.19415
OVRCameraRig|(-26.1, 40.7, -183.3)|(0.1, -0.5, -0.1, -0.8)
23.21415
OVRCameraRig|(-26.1, 40.7, -183.3)|(0.1, -0.5, -0.1, -0.8)
23.23415
OVRCameraRig|(-26.1, 40.7, -183.3)|(0.1, -0.5, -0.1, -0.8)
23.25415
OVRCameraRig|(-26.1, 40.7, -183.3)|(0.1, -0.5, -0.1, -0.8)
23.27415
OVRCameraRig|(-26.1, 40.7, -183.3)|(0.1, -0.5, -0.1, -0.8)
23.29415
OVRCameraRig|(-26.1, 40.7, -183.3)|(0.1, -0.5, -0.1, -0.8)
23.31415
OVRCameraRig|(-26.1, 40.7, -183.3)|(0.1, -0.5, -0.1, -0.8)
23.33415
OVRCameraRig|(-26.1, 40.7, -183.3)|(0.1, -0.5, -0.1, -0.8)
23.35415
OVRCameraRig|(-26.1, 40.7, -183.3)|(0.1, -0.5, -0.1, -0.8)
23.37415
OVRCameraRig|(-26.1, 40.7, -183.3)|(0.1, -0.5, -0.1, -0.8)
23.39415
OVRCameraRig|(-26.1, 40.7, -183.3)|(0.1, -0.5, -0.1, -0.8)
23.41415
OVRCameraRig|(-26.1, 40.7, -183.3)|(0.1, -0.5, -0.1, -0.8)
23.43415
OVRCameraRig|(-26.1, 40.7, -183.3)|(0.1, -0.5, -0.1, -0.8)
23.45415
OVRCameraRig|(-26.1, 40.7, -183.3)|(0.1, -0.5, -0.1, -0.8)
23.47415
OVRCameraRig|(-26.1, 40.7, -183.3)|(0.1, -0.5, -0.1, -0.8)
23.49415
OVRCameraRig|(-26.1, 40.7, -183.3)|(0.1, -0.5, -0.1, -0.8)
23.51415
OVRCameraRig|(-26.1, 40.7, -183.3)|(0.1, -0.5, -0.1, -0.8)
23.53415
OVRCameraRig|(-26.1, 40.7, -183.3)|(0.1, -0.5, -0.1, -0.8)
23.55415
OVRCameraRig|(-26.1, 40.7, -183.3)|(0.1, -0.5, -0.1, -0.8)
23.57415
OVRCameraRig|(-26.1, 40.7, -183.3)|(0.1, -0.5, -0.1, -0.8)
23.59415
OVRCameraRig|(-26.1, 40.7, -183.3)|(0.1, -0.5, -0.1, -0.8)
23.61415
OVRCameraRig|(-26.1, 40.7, -183.3)|(0.1, -0.5, -0.1, -0.8)
23.63415
OVRCameraRig|(-26.1, 40.7, -183.3)|(0.1, -0.5, -0.1, -0.8)
23.65415
OVRCameraRig|(-26.1, 40.7, -183.3)|(0.1, -0.5, -0.1, -0.8)
23.67415
OVRCameraRig|(-26.1, 40.7, -183.3)|(0.1, -0.5, -0.1, -0.8)
23.69415
OVRCameraRig|(-26.1, 40.7, -183.3)|(0.1, -0.5, -0.1, -0.8)
23.71415
OVRCameraRig|(-26.1, 40.7, -183.3)|(0.1, -0.5, -0.1, -0.8)
23.73415
OVRCameraRig|(-26.1, 40.7, -183.3)|(0.1, -0.5, -0.1, -0.8)
23.75415
OVRCameraRig|(-26.1, 40.7, -183.3)|(0.1, -0.5, -0.1, -0.8)
23.77415
OVRCameraRig|(-26.1, 40.7, -183.3)|(0.1, -0.5, -0.1, -0.8)
23.79415
OVRCameraRig|(-26.1, 40.7, -183.3)|(0.1, -0.5, -0.1, -0.8)
23.81415
OVRCameraRig|(-26.1, 40.7, -183.3)|(0.1, -0.5, -0.1, -0.8)
23.83415
OVRCameraRig|(-26.1, 40.7, -183.3)|(0.1, -0.5, -0.1, -0.8)
23.85415
OVRCameraRig|(-26.1, 40.7, -183.3)|(0.1, -0.5, -0.1, -0.8)
23.87415
OVRCameraRig|(-26.1, 40.7, -183.3)|(0.1, -0.5, -0.1, -0.8)
23.89415
OVRCameraRig|(-26.1, 40.7, -183.3)|(0.1, -0.5, -0.1, -0.8)
23.91415
OVRCameraRig|(-26.1, 40.7, -183.3)|(0.1, -0.5, -0.1, -0.8)
23.93415
OVRCameraRig|(-26.1, 40.7, -183.3)|(0.1, -0.5, -0.1, -0.8)
23.95415
OVRCameraRig|(-26.1, 40.7, -183.3)|(0.1, -0.5, -0.1, -0.8)
23.97415
OVRCameraRig|(-26.1, 40.7, -183.3)|(0.1, -0.5, -0.1, -0.8)
23.99415
OVRCameraRig|(-26.1, 40.7, -183.3)|(0.1, -0.5, -0.1, -0.8)
24.01415
OVRCameraRig|(-26.1, 40.7, -183.3)|(0.1, -0.5, -0.1, -0.8)
24.03415
OVRCameraRig|(-26.1, 40.7, -183.3)|(0.1, -0.5, -0.1, -0.8)
24.05415
OVRCameraRig|(-26.1, 40.7, -183.3)|(0.1, -0.5, -0.1, -0.8)
24.07415
OVRCameraRig|(-26.1, 40.7, -183.3)|(0.1, -0.5, -0.1, -0.8)
24.09415
OVRCameraRig|(-26.1, 40.7, -183.3)|(0.1, -0.5, -0.1, -0.8)
24.11415
OVRCameraRig|(-26.1, 40.7, -183.3)|(0.1, -0.5, -0.1, -0.8)
24.13415
OVRCameraRig|(-26.1, 40.7, -183.3)|(0.1, -0.5, -0.1, -0.8)
24.15415
OVRCameraRig|(-26.1, 40.7, -183.3)|(0.1, -0.5, -0.1, -0.8)
24.17415
OVRCameraRig|(-26.1, 40.7, -183.3)|(0.1, -0.5, -0.1, -0.8)
24.19415
OVRCameraRig|(-26.1, 40.7, -183.3)|(0.1, -0.5, -0.1, -0.8)
24.21415
OVRCameraRig|(-26.1, 40.7, -183.3)|(0.1, -0.5, -0.1, -0.8)
24.23415
OVRCameraRig|(-26.1, 40.7, -183.3)|(0.1, -0.5, -0.1, -0.8)
24.25415
OVRCameraRig|(-26.1, 40.7, -183.3)|(0.1, -0.5, -0.1, -0.8)
24.27415
OVRCameraRig|(-26.1, 40.7, -183.3)|(0.1, -0.5, -0.1, -0.8)
24.29415
OVRCameraRig|(-26.1, 40.7, -183.3)|(0.1, -0.5, -0.1, -0.8)
24.31415
OVRCameraRig|(-26.1, 40.7, -183.3)|(0.1, -0.5, -0.1, -0.8)
24.33415
OVRCameraRig|(-26.1, 40.7, -183.3)|(0.1, -0.5, -0.1, -0.8)
24.35415
OVRCameraRig|(-26.1, 40.7, -183.3)|(0.1, -0.5, -0.1, -0.8)
24.37415
OVRCameraRig|(-26.1, 40.7, -183.3)|(0.1, -0.5, -0.1, -0.8)
24.39415
OVRCameraRig|(-26.1, 40.7, -183.3)|(0.1, -0.5, -0.1, -0.8)
24.41415
OVRCameraRig|(-26.1, 40.7, -183.3)|(0.1, -0.5, -0.1, -0.8)
24.43415
OVRCameraRig|(-26.1, 40.7, -183.3)|(0.1, -0.5, -0.1, -0.8)
24.45415
OVRCameraRig|(-26.1, 40.7, -183.3)|(0.1, -0.5, -0.1, -0.8)
24.47415
OVRCameraRig|(-26.1, 40.7, -183.3)|(0.1, -0.5, -0.1, -0.8)
24.49415
OVRCameraRig|(-26.1, 40.7, -183.3)|(0.1, -0.5, -0.1, -0.8)
24.51415
OVRCameraRig|(-26.1, 40.7, -183.3)|(0.1, -0.5, -0.1, -0.8)
24.53415
OVRCameraRig|(-26.1, 40.7, -183.3)|(0.1, -0.5, -0.1, -0.8)
24.55415
OVRCameraRig|(-26.1, 40.7, -183.3)|(0.1, -0.5, -0.1, -0.8)
24.57415
OVRCameraRig|(-26.1, 40.7, -183.3)|(0.1, -0.5, -0.1, -0.8)
24.59415
OVRCameraRig|(-26.1, 40.7, -183.3)|(0.1, -0.5, -0.1, -0.8)
24.61415
OVRCameraRig|(-26.1, 40.7, -183.3)|(0.1, -0.5, -0.1, -0.8)
24.63415
OVRCameraRig|(-26.1, 40.7, -183.3)|(0.1, -0.5, -0.1, -0.8)
24.65415
OVRCameraRig|(-26.1, 40.7, -183.3)|(0.1, -0.5, -0.1, -0.8)
24.67415
OVRCameraRig|(-26.1, 40.7, -183.3)|(0.1, -0.5, -0.1, -0.8)
24.69415
OVRCameraRig|(-26.1, 40.7, -183.3)|(0.1, -0.5, -0.1, -0.8)
24.71415
OVRCameraRig|(-26.1, 40.7, -183.3)|(0.1, -0.5, -0.1, -0.8)
24.73415
OVRCameraRig|(-26.1, 40.7, -183.3)|(0.1, -0.5, -0.1, -0.8)
24.75415
OVRCameraRig|(-26.1, 40.7, -183.3)|(0.1, -0.5, -0.1, -0.8)
24.77415
OVRCameraRig|(-26.1, 40.7, -183.3)|(0.1, -0.5, -0.1, -0.8)
24.79415
OVRCameraRig|(-26.1, 40.7, -183.3)|(0.1, -0.5, -0.1, -0.8)
24.81415
OVRCameraRig|(-26.1, 40.7, -183.3)|(0.1, -0.5, -0.1, -0.8)
24.83415
OVRCameraRig|(-26.1, 40.7, -183.3)|(0.1, -0.5, -0.1, -0.8)
24.85415
OVRCameraRig|(-26.1, 40.7, -183.3)|(0.1, -0.5, -0.1, -0.8)
24.87415
OVRCameraRig|(-26.1, 40.7, -183.3)|(0.1, -0.5, -0.1, -0.8)
24.89415
OVRCameraRig|(-26.1, 40.7, -183.3)|(0.1, -0.5, -0.1, -0.8)
24.91415
OVRCameraRig|(-26.1, 40.7, -183.3)|(0.1, -0.5, -0.1, -0.8)
24.93415
OVRCameraRig|(-26.1, 40.7, -183.3)|(0.1, -0.5, -0.1, -0.8)
24.95415
OVRCameraRig|(-26.1, 40.7, -183.3)|(0.1, -0.5, -0.1, -0.8)
24.97415
OVRCameraRig|(-26.1, 40.7, -183.3)|(0.1, -0.5, -0.1, -0.8)
24.99415
OVRCameraRig|(-26.1, 40.7, -183.3)|(0.1, -0.5, -0.1, -0.8)
25.01415
OVRCameraRig|(-26.1, 40.7, -183.3)|(0.1, -0.5, -0.1, -0.8)
25.03415
OVRCameraRig|(-26.1, 40.7, -183.3)|(0.1, -0.5, -0.1, -0.8)
25.05415
OVRCameraRig|(-26.1, 40.7, -183.3)|(0.1, -0.5, -0.1, -0.8)
25.07415
OVRCameraRig|(-26.1, 40.7, -183.3)|(0.1, -0.5, -0.1, -0.8)
25.09415
OVRCameraRig|(-26.1, 40.7, -183.3)|(0.1, -0.5, -0.1, -0.8)
25.11415
OVRCameraRig|(-26.1, 40.7, -183.3)|(0.1, -0.5, -0.1, -0.8)
25.13415
OVRCameraRig|(-26.1, 40.7, -183.3)|(0.1, -0.5, -0.1, -0.8)
25.15415
OVRCameraRig|(-26.1, 40.7, -183.3)|(0.1, -0.5, -0.1, -0.8)
25.17415
OVRCameraRig|(-26.1, 40.7, -183.3)|(0.1, -0.5, -0.1, -0.8)
25.19415
OVRCameraRig|(-26.1, 40.7, -183.3)|(0.1, -0.5, -0.1, -0.8)
25.21415
OVRCameraRig|(-26.1, 40.7, -183.3)|(0.1, -0.5, -0.1, -0.8)
25.23415
OVRCameraRig|(-26.1, 40.7, -183.3)|(0.1, -0.5, -0.1, -0.8)
25.25415
OVRCameraRig|(-26.1, 40.7, -183.3)|(0.1, -0.5, -0.1, -0.8)
25.27415
OVRCameraRig|(-26.1, 40.7, -183.3)|(0.1, -0.5, -0.1, -0.8)
25.29415
OVRCameraRig|(-26.1, 40.7, -183.3)|(0.1, -0.5, -0.1, -0.8)
25.31415
OVRCameraRig|(-26.1, 40.7, -183.3)|(0.1, -0.5, -0.1, -0.8)
25.33415
OVRCameraRig|(-26.1, 40.7, -183.3)|(0.1, -0.5, -0.1, -0.8)
25.35415
OVRCameraRig|(-26.1, 40.7, -183.3)|(0.1, -0.5, -0.1, -0.8)
25.37415
OVRCameraRig|(-26.1, 40.7, -183.3)|(0.1, -0.5, -0.1, -0.8)
25.39415
OVRCameraRig|(-26.1, 40.7, -183.3)|(0.1, -0.5, -0.1, -0.8)
25.41415
OVRCameraRig|(-26.1, 40.7, -183.3)|(0.1, -0.5, -0.1, -0.8)
25.43415
OVRCameraRig|(-26.1, 40.7, -183.3)|(0.1, -0.5, -0.1, -0.8)
25.45415
OVRCameraRig|(-26.1, 40.7, -183.3)|(0.1, -0.5, -0.1, -0.8)
25.47415
OVRCameraRig|(-26.1, 40.7, -183.3)|(0.1, -0.5, -0.1, -0.8)
25.49415
OVRCameraRig|(-26.1, 40.7, -183.3)|(0.1, -0.5, -0.1, -0.8)
25.51415
OVRCameraRig|(-26.1, 40.7, -183.3)|(0.1, -0.5, -0.1, -0.8)
25.53415
OVRCameraRig|(-26.1, 40.7, -183.3)|(0.1, -0.5, -0.1, -0.8)
25.55415
OVRCameraRig|(-26.1, 40.7, -183.3)|(0.1, -0.5, -0.1, -0.8)
25.57415
OVRCameraRig|(-26.1, 40.7, -183.3)|(0.1, -0.5, -0.1, -0.8)
25.59415
OVRCameraRig|(-26.1, 40.7, -183.3)|(0.1, -0.5, -0.1, -0.8)
25.61415
OVRCameraRig|(-26.1, 40.7, -183.3)|(0.1, -0.5, -0.1, -0.8)
25.63415
OVRCameraRig|(-26.1, 40.7, -183.3)|(0.1, -0.5, -0.1, -0.8)
25.65415
OVRCameraRig|(-26.1, 40.7, -183.3)|(0.1, -0.5, -0.1, -0.8)
25.67415
OVRCameraRig|(-26.1, 40.7, -183.3)|(0.1, -0.5, -0.1, -0.8)
25.69415
OVRCameraRig|(-26.1, 40.7, -183.3)|(0.1, -0.5, -0.1, -0.8)
25.71415
OVRCameraRig|(-26.1, 40.7, -183.3)|(0.1, -0.5, -0.1, -0.8)
25.73415
OVRCameraRig|(-26.1, 40.7, -183.3)|(0.1, -0.5, -0.1, -0.8)
25.75415
OVRCameraRig|(-26.1, 40.7, -183.3)|(0.1, -0.5, -0.1, -0.8)
25.77415
OVRCameraRig|(-26.1, 40.7, -183.3)|(0.1, -0.5, -0.1, -0.8)
25.79415
OVRCameraRig|(-26.1, 40.7, -183.3)|(0.1, -0.5, -0.1, -0.8)
25.81415
OVRCameraRig|(-26.1, 40.7, -183.3)|(0.1, -0.5, -0.1, -0.8)
25.83415
OVRCameraRig|(-26.1, 40.7, -183.3)|(0.1, -0.5, -0.1, -0.8)
25.85415
OVRCameraRig|(-26.1, 40.7, -183.3)|(0.1, -0.5, -0.1, -0.8)
25.87415
OVRCameraRig|(-26.1, 40.7, -183.3)|(0.1, -0.5, -0.1, -0.8)
25.89415
OVRCameraRig|(-26.1, 40.7, -183.3)|(0.1, -0.5, -0.1, -0.8)
25.91415
OVRCameraRig|(-26.1, 40.7, -183.3)|(0.1, -0.5, -0.1, -0.8)
25.93415
OVRCameraRig|(-26.1, 40.7, -183.3)|(0.1, -0.5, -0.1, -0.8)
25.95415
OVRCameraRig|(-26.1, 40.7, -183.3)|(0.1, -0.5, -0.1, -0.8)
25.97415
OVRCameraRig|(-26.1, 40.7, -183.3)|(0.1, -0.5, -0.1, -0.8)
25.99415
OVRCameraRig|(-26.1, 40.7, -183.3)|(0.1, -0.5, -0.1, -0.8)
26.01415
OVRCameraRig|(-26.1, 40.7, -183.3)|(0.1, -0.5, -0.1, -0.8)
26.03415
OVRCameraRig|(-26.1, 40.7, -183.3)|(0.1, -0.5, -0.1, -0.8)
26.05415
OVRCameraRig|(-26.1, 40.7, -183.3)|(0.1, -0.5, -0.1, -0.8)
26.07415
OVRCameraRig|(-26.1, 40.7, -183.3)|(0.1, -0.5, -0.1, -0.8)
26.09415
OVRCameraRig|(-26.1, 40.7, -183.3)|(0.1, -0.5, -0.1, -0.8)
26.11415
OVRCameraRig|(-26.1, 40.7, -183.3)|(0.1, -0.5, -0.1, -0.8)
26.13415
OVRCameraRig|(-26.1, 40.7, -183.3)|(0.1, -0.5, -0.1, -0.8)
26.15415
OVRCameraRig|(-26.1, 40.7, -183.3)|(0.1, -0.5, -0.1, -0.8)
26.17415
OVRCameraRig|(-26.1, 40.7, -183.3)|(0.1, -0.5, -0.1, -0.8)
26.19415
OVRCameraRig|(-26.1, 40.7, -183.3)|(0.1, -0.5, -0.1, -0.8)
26.21415
OVRCameraRig|(-26.1, 40.7, -183.3)|(0.1, -0.5, -0.1, -0.8)
26.23415
OVRCameraRig|(-26.1, 40.7, -183.3)|(0.1, -0.5, -0.1, -0.8)
26.25415
OVRCameraRig|(-26.1, 40.7, -183.3)|(0.1, -0.5, -0.1, -0.8)
26.27415
OVRCameraRig|(-26.1, 40.7, -183.3)|(0.1, -0.5, -0.1, -0.8)
26.29415
OVRCameraRig|(-26.1, 40.7, -183.3)|(0.1, -0.5, -0.1, -0.8)
26.31415
OVRCameraRig|(-26.1, 40.7, -183.3)|(0.1, -0.5, -0.1, -0.8)
26.33415
OVRCameraRig|(-26.1, 40.7, -183.3)|(0.1, -0.5, -0.1, -0.8)
26.35415
OVRCameraRig|(-26.1, 40.7, -183.3)|(0.1, -0.5, -0.1, -0.8)
26.37415
OVRCameraRig|(-26.1, 40.7, -183.3)|(0.1, -0.5, -0.1, -0.8)
26.39415
OVRCameraRig|(-26.1, 40.7, -183.3)|(0.1, -0.5, -0.1, -0.8)
26.41415
OVRCameraRig|(-26.1, 40.7, -183.3)|(0.1, -0.5, -0.1, -0.8)
26.43415
OVRCameraRig|(-26.1, 40.7, -183.3)|(0.1, -0.5, -0.1, -0.8)
26.45415
OVRCameraRig|(-26.1, 40.7, -183.3)|(0.1, -0.5, -0.1, -0.8)
26.47415
OVRCameraRig|(-26.1, 40.7, -183.3)|(0.1, -0.5, -0.1, -0.8)
26.49415
OVRCameraRig|(-26.1, 40.7, -183.3)|(0.1, -0.5, -0.1, -0.8)
26.51415
OVRCameraRig|(-26.1, 40.7, -183.3)|(0.1, -0.5, -0.1, -0.8)
26.53415
OVRCameraRig|(-26.1, 40.7, -183.3)|(0.1, -0.5, -0.1, -0.8)
26.55415
OVRCameraRig|(-26.1, 40.7, -183.3)|(0.1, -0.5, -0.1, -0.8)
26.57415
OVRCameraRig|(-26.1, 40.7, -183.3)|(0.1, -0.5, -0.1, -0.8)
26.59415
OVRCameraRig|(-26.1, 40.7, -183.3)|(0.1, -0.5, -0.1, -0.8)
26.61415
OVRCameraRig|(-26.1, 40.7, -183.3)|(0.1, -0.5, -0.1, -0.8)
26.63415
OVRCameraRig|(-26.1, 40.7, -183.3)|(0.1, -0.5, -0.1, -0.8)
26.65415
OVRCameraRig|(-26.1, 40.7, -183.3)|(0.1, -0.5, -0.1, -0.8)
26.67415
OVRCameraRig|(-26.1, 40.7, -183.3)|(0.1, -0.5, -0.1, -0.8)
26.69415
OVRCameraRig|(-26.1, 40.7, -183.3)|(0.1, -0.5, -0.1, -0.8)
26.71415
OVRCameraRig|(-26.1, 40.7, -183.3)|(0.1, -0.5, -0.1, -0.8)
26.73415
OVRCameraRig|(-26.1, 40.7, -183.3)|(0.1, -0.5, -0.1, -0.8)
26.75415
OVRCameraRig|(-26.1, 40.7, -183.3)|(0.1, -0.5, -0.1, -0.8)
26.77415
OVRCameraRig|(-26.1, 40.7, -183.3)|(0.1, -0.5, -0.1, -0.8)
26.79415
OVRCameraRig|(-26.1, 40.7, -183.3)|(0.1, -0.5, -0.1, -0.8)
26.81415
OVRCameraRig|(-26.1, 40.7, -183.3)|(0.1, -0.5, -0.1, -0.8)
26.83415
OVRCameraRig|(-26.1, 40.7, -183.3)|(0.1, -0.5, -0.1, -0.8)
26.85415
OVRCameraRig|(-26.1, 40.7, -183.3)|(0.1, -0.5, -0.1, -0.8)
26.87415
OVRCameraRig|(-26.1, 40.7, -183.3)|(0.1, -0.5, -0.1, -0.8)
26.89415
OVRCameraRig|(-26.1, 40.7, -183.3)|(0.1, -0.5, -0.1, -0.8)
26.91415
OVRCameraRig|(-26.1, 40.7, -183.3)|(0.1, -0.5, -0.1, -0.8)
26.93415
OVRCameraRig|(-26.1, 40.7, -183.3)|(0.1, -0.5, -0.1, -0.8)
26.95415
OVRCameraRig|(-26.1, 40.7, -183.3)|(0.1, -0.5, -0.1, -0.8)
26.97415
OVRCameraRig|(-26.1, 40.7, -183.3)|(0.1, -0.5, -0.1, -0.8)
26.99415
OVRCameraRig|(-26.1, 40.7, -183.3)|(0.1, -0.5, -0.1, -0.8)
27.01415
OVRCameraRig|(-26.1, 40.7, -183.3)|(0.1, -0.5, -0.1, -0.8)
27.03415
OVRCameraRig|(-26.1, 40.7, -183.3)|(0.1, -0.5, -0.1, -0.8)
27.05415
OVRCameraRig|(-26.1, 40.7, -183.3)|(0.1, -0.5, -0.1, -0.8)
27.07415
OVRCameraRig|(-26.1, 40.7, -183.3)|(0.1, -0.5, -0.1, -0.8)
27.09415
OVRCameraRig|(-26.1, 40.7, -183.3)|(0.1, -0.5, -0.1, -0.8)
27.11415
OVRCameraRig|(-26.1, 40.7, -183.3)|(0.1, -0.5, -0.1, -0.8)
27.13415
OVRCameraRig|(-26.1, 40.7, -183.3)|(0.1, -0.5, -0.1, -0.8)
27.15415
OVRCameraRig|(-26.1, 40.7, -183.3)|(0.1, -0.5, -0.1, -0.8)
27.17415
OVRCameraRig|(-26.1, 40.7, -183.3)|(0.1, -0.5, -0.1, -0.8)
27.19415
OVRCameraRig|(-26.1, 40.7, -183.3)|(0.1, -0.5, -0.1, -0.8)
27.21415
OVRCameraRig|(-26.1, 40.7, -183.3)|(0.1, -0.5, -0.1, -0.8)
27.23415
OVRCameraRig|(-26.1, 40.7, -183.3)|(0.1, -0.5, -0.1, -0.8)
27.25415
OVRCameraRig|(-26.1, 40.7, -183.3)|(0.1, -0.5, -0.1, -0.8)
27.27415
OVRCameraRig|(-26.1, 40.7, -183.3)|(0.1, -0.5, -0.1, -0.8)
27.29415
OVRCameraRig|(-26.1, 40.7, -183.3)|(0.1, -0.5, -0.1, -0.8)
27.31415
OVRCameraRig|(-26.1, 40.7, -183.3)|(0.1, -0.5, -0.1, -0.8)
27.33415
OVRCameraRig|(-26.1, 40.7, -183.3)|(0.1, -0.5, -0.1, -0.8)
27.35415
OVRCameraRig|(-26.1, 40.7, -183.3)|(0.1, -0.5, -0.1, -0.8)
27.37415
OVRCameraRig|(-26.1, 40.7, -183.3)|(0.1, -0.5, -0.1, -0.8)
27.39415
OVRCameraRig|(-26.1, 40.7, -183.3)|(0.1, -0.5, -0.1, -0.8)
27.41415
OVRCameraRig|(-26.1, 40.7, -183.3)|(0.1, -0.5, -0.1, -0.8)
27.43415
OVRCameraRig|(-26.1, 40.7, -183.3)|(0.1, -0.5, -0.1, -0.8)
27.45415
OVRCameraRig|(-26.1, 40.7, -183.3)|(0.1, -0.5, -0.1, -0.8)
27.47415
OVRCameraRig|(-26.1, 40.7, -183.3)|(0.1, -0.5, -0.1, -0.8)
27.49415
OVRCameraRig|(-26.1, 40.7, -183.3)|(0.1, -0.5, -0.1, -0.8)
27.51415
OVRCameraRig|(-26.1, 40.7, -183.3)|(0.1, -0.5, -0.1, -0.8)
27.53415
OVRCameraRig|(-26.1, 40.7, -183.3)|(0.1, -0.5, -0.1, -0.8)
27.55415
OVRCameraRig|(-26.1, 40.7, -183.3)|(0.1, -0.5, -0.1, -0.8)
27.57415
OVRCameraRig|(-26.1, 40.7, -183.3)|(0.1, -0.5, -0.1, -0.8)
27.59415
OVRCameraRig|(-26.1, 40.7, -183.3)|(0.1, -0.5, -0.1, -0.8)
27.61415
OVRCameraRig|(-26.1, 40.7, -183.3)|(0.1, -0.5, -0.1, -0.8)
27.63415
OVRCameraRig|(-26.1, 40.7, -183.3)|(0.1, -0.5, -0.1, -0.8)
27.65415
OVRCameraRig|(-26.1, 40.7, -183.3)|(0.1, -0.5, -0.1, -0.8)
27.67415
OVRCameraRig|(-26.1, 40.7, -183.3)|(0.1, -0.5, -0.1, -0.8)
27.69415
OVRCameraRig|(-26.1, 40.7, -183.3)|(0.1, -0.5, -0.1, -0.8)
27.71415
OVRCameraRig|(-26.1, 40.7, -183.3)|(0.1, -0.5, -0.1, -0.8)
27.73415
OVRCameraRig|(-26.1, 40.7, -183.3)|(0.1, -0.5, -0.1, -0.8)
27.75415
OVRCameraRig|(-26.1, 40.7, -183.3)|(0.1, -0.5, -0.1, -0.8)
27.77415
OVRCameraRig|(-26.1, 40.7, -183.3)|(0.1, -0.5, -0.1, -0.8)
27.79415
OVRCameraRig|(-26.1, 40.7, -183.3)|(0.1, -0.5, -0.1, -0.8)
27.81415
OVRCameraRig|(-26.1, 40.7, -183.3)|(0.1, -0.5, -0.1, -0.8)
27.83415
OVRCameraRig|(-26.1, 40.7, -183.3)|(0.1, -0.5, -0.1, -0.8)
27.85415
OVRCameraRig|(-26.1, 40.7, -183.3)|(0.1, -0.5, -0.1, -0.8)
27.87415
OVRCameraRig|(-26.1, 40.7, -183.3)|(0.1, -0.5, -0.1, -0.8)
27.89415
OVRCameraRig|(-26.1, 40.7, -183.3)|(0.1, -0.5, -0.1, -0.8)
27.91415
OVRCameraRig|(-26.1, 40.7, -183.3)|(0.1, -0.5, -0.1, -0.8)
27.93415
OVRCameraRig|(-26.1, 40.7, -183.3)|(0.1, -0.5, -0.1, -0.8)
27.95415
OVRCameraRig|(-26.1, 40.7, -183.3)|(0.1, -0.5, -0.1, -0.8)
27.97415
OVRCameraRig|(-26.1, 40.7, -183.3)|(0.1, -0.5, -0.1, -0.8)
27.99415
OVRCameraRig|(-26.1, 40.7, -183.3)|(0.1, -0.5, -0.1, -0.8)
28.01415
OVRCameraRig|(-26.1, 40.7, -183.3)|(0.1, -0.5, -0.1, -0.8)
28.03415
OVRCameraRig|(-26.1, 40.7, -183.3)|(0.1, -0.5, -0.1, -0.8)
28.05415
OVRCameraRig|(-26.1, 40.7, -183.3)|(0.1, -0.5, -0.1, -0.8)
28.07415
OVRCameraRig|(-26.1, 40.7, -183.3)|(0.1, -0.5, -0.1, -0.8)
28.09415
OVRCameraRig|(-26.1, 40.7, -183.3)|(0.1, -0.5, -0.1, -0.8)
28.11415
OVRCameraRig|(-26.1, 40.7, -183.3)|(0.1, -0.5, -0.1, -0.8)
28.13415
OVRCameraRig|(-26.1, 40.7, -183.3)|(0.1, -0.5, -0.1, -0.8)
28.15415
OVRCameraRig|(-26.1, 40.7, -183.3)|(0.1, -0.5, -0.1, -0.8)
28.17415
OVRCameraRig|(-26.1, 40.7, -183.3)|(0.1, -0.5, -0.1, -0.8)
28.19415
OVRCameraRig|(-26.1, 40.7, -183.3)|(0.1, -0.5, -0.1, -0.8)
28.21415
OVRCameraRig|(-26.1, 40.7, -183.3)|(0.1, -0.5, -0.1, -0.8)
28.23415
OVRCameraRig|(-26.1, 40.7, -183.3)|(0.1, -0.5, -0.1, -0.8)
28.25415
OVRCameraRig|(-26.1, 40.7, -183.3)|(0.1, -0.5, -0.1, -0.8)
28.27415
OVRCameraRig|(-26.1, 40.7, -183.3)|(0.1, -0.5, -0.1, -0.8)
28.29415
OVRCameraRig|(-26.1, 40.7, -183.3)|(0.1, -0.5, -0.1, -0.8)
28.31415
OVRCameraRig|(-26.1, 40.7, -183.3)|(0.1, -0.5, -0.1, -0.8)
28.33415
OVRCameraRig|(-26.1, 40.7, -183.3)|(0.1, -0.5, -0.1, -0.8)
28.35415
OVRCameraRig|(-26.1, 40.7, -183.3)|(0.1, -0.5, -0.1, -0.8)
28.37415
OVRCameraRig|(-26.1, 40.7, -183.3)|(0.1, -0.5, -0.1, -0.8)
28.39415
OVRCameraRig|(-26.1, 40.7, -183.3)|(0.1, -0.5, -0.1, -0.8)
28.41415
OVRCameraRig|(-26.1, 40.7, -183.3)|(0.1, -0.5, -0.1, -0.8)
